0.000000000000000000e+00
0.000000000000000000e+00
0.000000000000000000e+00
0.000000000000000000e+00
0.000000000000000000e+00
0.000000000000000000e+00
0.000000000000000000e+00
0.000000000000000000e+00
0.000000000000000000e+00
0.000000000000000000e+00
0.000000000000000000e+00
0.000000000000000000e+00
0.000000000000000000e+00
0.000000000000000000e+00
0.000000000000000000e+00
0.000000000000000000e+00
0.000000000000000000e+00
0.000000000000000000e+00
0.000000000000000000e+00
0.000000000000000000e+00
0.000000000000000000e+00
0.000000000000000000e+00
0.000000000000000000e+00
0.000000000000000000e+00
0.000000000000000000e+00
0.000000000000000000e+00
0.000000000000000000e+00
0.000000000000000000e+00
0.000000000000000000e+00
0.000000000000000000e+00
0.000000000000000000e+00
0.000000000000000000e+00
0.000000000000000000e+00
0.000000000000000000e+00
0.000000000000000000e+00
0.000000000000000000e+00
0.000000000000000000e+00
0.000000000000000000e+00
0.000000000000000000e+00
0.000000000000000000e+00
0.000000000000000000e+00
0.000000000000000000e+00
0.000000000000000000e+00
0.000000000000000000e+00
0.000000000000000000e+00
0.000000000000000000e+00
0.000000000000000000e+00
0.000000000000000000e+00
0.000000000000000000e+00
0.000000000000000000e+00
0.000000000000000000e+00
0.000000000000000000e+00
0.000000000000000000e+00
0.000000000000000000e+00
0.000000000000000000e+00
0.000000000000000000e+00
0.000000000000000000e+00
0.000000000000000000e+00
0.000000000000000000e+00
0.000000000000000000e+00
0.000000000000000000e+00
0.000000000000000000e+00
0.000000000000000000e+00
0.000000000000000000e+00
0.000000000000000000e+00
0.000000000000000000e+00
0.000000000000000000e+00
0.000000000000000000e+00
0.000000000000000000e+00
0.000000000000000000e+00
0.000000000000000000e+00
0.000000000000000000e+00
0.000000000000000000e+00
0.000000000000000000e+00
0.000000000000000000e+00
0.000000000000000000e+00
0.000000000000000000e+00
0.000000000000000000e+00
0.000000000000000000e+00
0.000000000000000000e+00
0.000000000000000000e+00
0.000000000000000000e+00
0.000000000000000000e+00
0.000000000000000000e+00
0.000000000000000000e+00
0.000000000000000000e+00
0.000000000000000000e+00
0.000000000000000000e+00
0.000000000000000000e+00
0.000000000000000000e+00
0.000000000000000000e+00
0.000000000000000000e+00
0.000000000000000000e+00
0.000000000000000000e+00
0.000000000000000000e+00
0.000000000000000000e+00
0.000000000000000000e+00
0.000000000000000000e+00
0.000000000000000000e+00
0.000000000000000000e+00
0.000000000000000000e+00
0.000000000000000000e+00
0.000000000000000000e+00
0.000000000000000000e+00
0.000000000000000000e+00
0.000000000000000000e+00
0.000000000000000000e+00
0.000000000000000000e+00
0.000000000000000000e+00
0.000000000000000000e+00
0.000000000000000000e+00
0.000000000000000000e+00
0.000000000000000000e+00
0.000000000000000000e+00
0.000000000000000000e+00
0.000000000000000000e+00
0.000000000000000000e+00
0.000000000000000000e+00
0.000000000000000000e+00
0.000000000000000000e+00
0.000000000000000000e+00
0.000000000000000000e+00
0.000000000000000000e+00
0.000000000000000000e+00
0.000000000000000000e+00
0.000000000000000000e+00
0.000000000000000000e+00
0.000000000000000000e+00
0.000000000000000000e+00
0.000000000000000000e+00
0.000000000000000000e+00
0.000000000000000000e+00
0.000000000000000000e+00
0.000000000000000000e+00
0.000000000000000000e+00
0.000000000000000000e+00
0.000000000000000000e+00
0.000000000000000000e+00
0.000000000000000000e+00
0.000000000000000000e+00
0.000000000000000000e+00
0.000000000000000000e+00
0.000000000000000000e+00
0.000000000000000000e+00
0.000000000000000000e+00
0.000000000000000000e+00
0.000000000000000000e+00
0.000000000000000000e+00
0.000000000000000000e+00
0.000000000000000000e+00
0.000000000000000000e+00
0.000000000000000000e+00
0.000000000000000000e+00
0.000000000000000000e+00
0.000000000000000000e+00
0.000000000000000000e+00
0.000000000000000000e+00
0.000000000000000000e+00
0.000000000000000000e+00
0.000000000000000000e+00
0.000000000000000000e+00
0.000000000000000000e+00
0.000000000000000000e+00
0.000000000000000000e+00
0.000000000000000000e+00
0.000000000000000000e+00
0.000000000000000000e+00
0.000000000000000000e+00
0.000000000000000000e+00
0.000000000000000000e+00
0.000000000000000000e+00
0.000000000000000000e+00
0.000000000000000000e+00
0.000000000000000000e+00
0.000000000000000000e+00
0.000000000000000000e+00
0.000000000000000000e+00
0.000000000000000000e+00
0.000000000000000000e+00
0.000000000000000000e+00
0.000000000000000000e+00
0.000000000000000000e+00
0.000000000000000000e+00
0.000000000000000000e+00
0.000000000000000000e+00
0.000000000000000000e+00
0.000000000000000000e+00
0.000000000000000000e+00
0.000000000000000000e+00
0.000000000000000000e+00
0.000000000000000000e+00
0.000000000000000000e+00
0.000000000000000000e+00
0.000000000000000000e+00
0.000000000000000000e+00
0.000000000000000000e+00
0.000000000000000000e+00
0.000000000000000000e+00
0.000000000000000000e+00
0.000000000000000000e+00
0.000000000000000000e+00
0.000000000000000000e+00
0.000000000000000000e+00
0.000000000000000000e+00
0.000000000000000000e+00
0.000000000000000000e+00
0.000000000000000000e+00
0.000000000000000000e+00
0.000000000000000000e+00
0.000000000000000000e+00
0.000000000000000000e+00
0.000000000000000000e+00
0.000000000000000000e+00
0.000000000000000000e+00
0.000000000000000000e+00
0.000000000000000000e+00
0.000000000000000000e+00
0.000000000000000000e+00
0.000000000000000000e+00
0.000000000000000000e+00
0.000000000000000000e+00
0.000000000000000000e+00
0.000000000000000000e+00
0.000000000000000000e+00
0.000000000000000000e+00
0.000000000000000000e+00
0.000000000000000000e+00
0.000000000000000000e+00
0.000000000000000000e+00
0.000000000000000000e+00
0.000000000000000000e+00
0.000000000000000000e+00
0.000000000000000000e+00
0.000000000000000000e+00
0.000000000000000000e+00
0.000000000000000000e+00
0.000000000000000000e+00
0.000000000000000000e+00
0.000000000000000000e+00
0.000000000000000000e+00
0.000000000000000000e+00
0.000000000000000000e+00
0.000000000000000000e+00
0.000000000000000000e+00
0.000000000000000000e+00
0.000000000000000000e+00
0.000000000000000000e+00
0.000000000000000000e+00
0.000000000000000000e+00
0.000000000000000000e+00
0.000000000000000000e+00
0.000000000000000000e+00
0.000000000000000000e+00
0.000000000000000000e+00
0.000000000000000000e+00
0.000000000000000000e+00
0.000000000000000000e+00
0.000000000000000000e+00
0.000000000000000000e+00
0.000000000000000000e+00
0.000000000000000000e+00
0.000000000000000000e+00
0.000000000000000000e+00
0.000000000000000000e+00
0.000000000000000000e+00
0.000000000000000000e+00
0.000000000000000000e+00
0.000000000000000000e+00
0.000000000000000000e+00
0.000000000000000000e+00
0.000000000000000000e+00
0.000000000000000000e+00
0.000000000000000000e+00
0.000000000000000000e+00
0.000000000000000000e+00
0.000000000000000000e+00
0.000000000000000000e+00
0.000000000000000000e+00
0.000000000000000000e+00
0.000000000000000000e+00
0.000000000000000000e+00
0.000000000000000000e+00
0.000000000000000000e+00
0.000000000000000000e+00
0.000000000000000000e+00
0.000000000000000000e+00
0.000000000000000000e+00
0.000000000000000000e+00
0.000000000000000000e+00
0.000000000000000000e+00
0.000000000000000000e+00
0.000000000000000000e+00
0.000000000000000000e+00
0.000000000000000000e+00
0.000000000000000000e+00
0.000000000000000000e+00
0.000000000000000000e+00
0.000000000000000000e+00
0.000000000000000000e+00
0.000000000000000000e+00
0.000000000000000000e+00
0.000000000000000000e+00
0.000000000000000000e+00
0.000000000000000000e+00
0.000000000000000000e+00
0.000000000000000000e+00
0.000000000000000000e+00
0.000000000000000000e+00
0.000000000000000000e+00
0.000000000000000000e+00
0.000000000000000000e+00
0.000000000000000000e+00
0.000000000000000000e+00
0.000000000000000000e+00
0.000000000000000000e+00
0.000000000000000000e+00
0.000000000000000000e+00
0.000000000000000000e+00
0.000000000000000000e+00
0.000000000000000000e+00
0.000000000000000000e+00
0.000000000000000000e+00
0.000000000000000000e+00
0.000000000000000000e+00
0.000000000000000000e+00
0.000000000000000000e+00
0.000000000000000000e+00
0.000000000000000000e+00
0.000000000000000000e+00
0.000000000000000000e+00
0.000000000000000000e+00
0.000000000000000000e+00
0.000000000000000000e+00
0.000000000000000000e+00
0.000000000000000000e+00
0.000000000000000000e+00
0.000000000000000000e+00
0.000000000000000000e+00
0.000000000000000000e+00
0.000000000000000000e+00
0.000000000000000000e+00
0.000000000000000000e+00
0.000000000000000000e+00
0.000000000000000000e+00
0.000000000000000000e+00
0.000000000000000000e+00
0.000000000000000000e+00
0.000000000000000000e+00
0.000000000000000000e+00
0.000000000000000000e+00
0.000000000000000000e+00
0.000000000000000000e+00
0.000000000000000000e+00
0.000000000000000000e+00
0.000000000000000000e+00
0.000000000000000000e+00
0.000000000000000000e+00
0.000000000000000000e+00
0.000000000000000000e+00
0.000000000000000000e+00
0.000000000000000000e+00
0.000000000000000000e+00
0.000000000000000000e+00
0.000000000000000000e+00
0.000000000000000000e+00
0.000000000000000000e+00
0.000000000000000000e+00
0.000000000000000000e+00
0.000000000000000000e+00
0.000000000000000000e+00
0.000000000000000000e+00
0.000000000000000000e+00
0.000000000000000000e+00
0.000000000000000000e+00
0.000000000000000000e+00
0.000000000000000000e+00
0.000000000000000000e+00
0.000000000000000000e+00
0.000000000000000000e+00
0.000000000000000000e+00
0.000000000000000000e+00
0.000000000000000000e+00
0.000000000000000000e+00
0.000000000000000000e+00
0.000000000000000000e+00
0.000000000000000000e+00
0.000000000000000000e+00
0.000000000000000000e+00
0.000000000000000000e+00
0.000000000000000000e+00
0.000000000000000000e+00
0.000000000000000000e+00
0.000000000000000000e+00
0.000000000000000000e+00
0.000000000000000000e+00
0.000000000000000000e+00
0.000000000000000000e+00
0.000000000000000000e+00
0.000000000000000000e+00
0.000000000000000000e+00
0.000000000000000000e+00
0.000000000000000000e+00
0.000000000000000000e+00
0.000000000000000000e+00
0.000000000000000000e+00
0.000000000000000000e+00
0.000000000000000000e+00
0.000000000000000000e+00
0.000000000000000000e+00
0.000000000000000000e+00
0.000000000000000000e+00
0.000000000000000000e+00
0.000000000000000000e+00
0.000000000000000000e+00
0.000000000000000000e+00
0.000000000000000000e+00
0.000000000000000000e+00
0.000000000000000000e+00
0.000000000000000000e+00
0.000000000000000000e+00
0.000000000000000000e+00
0.000000000000000000e+00
0.000000000000000000e+00
0.000000000000000000e+00
0.000000000000000000e+00
0.000000000000000000e+00
0.000000000000000000e+00
0.000000000000000000e+00
0.000000000000000000e+00
0.000000000000000000e+00
0.000000000000000000e+00
0.000000000000000000e+00
0.000000000000000000e+00
0.000000000000000000e+00
0.000000000000000000e+00
0.000000000000000000e+00
0.000000000000000000e+00
0.000000000000000000e+00
0.000000000000000000e+00
0.000000000000000000e+00
0.000000000000000000e+00
0.000000000000000000e+00
0.000000000000000000e+00
0.000000000000000000e+00
0.000000000000000000e+00
0.000000000000000000e+00
0.000000000000000000e+00
0.000000000000000000e+00
0.000000000000000000e+00
0.000000000000000000e+00
0.000000000000000000e+00
0.000000000000000000e+00
0.000000000000000000e+00
0.000000000000000000e+00
0.000000000000000000e+00
0.000000000000000000e+00
0.000000000000000000e+00
0.000000000000000000e+00
0.000000000000000000e+00
0.000000000000000000e+00
0.000000000000000000e+00
0.000000000000000000e+00
0.000000000000000000e+00
0.000000000000000000e+00
0.000000000000000000e+00
0.000000000000000000e+00
0.000000000000000000e+00
0.000000000000000000e+00
0.000000000000000000e+00
0.000000000000000000e+00
0.000000000000000000e+00
0.000000000000000000e+00
0.000000000000000000e+00
0.000000000000000000e+00
0.000000000000000000e+00
0.000000000000000000e+00
0.000000000000000000e+00
0.000000000000000000e+00
0.000000000000000000e+00
0.000000000000000000e+00
0.000000000000000000e+00
0.000000000000000000e+00
0.000000000000000000e+00
0.000000000000000000e+00
0.000000000000000000e+00
0.000000000000000000e+00
0.000000000000000000e+00
0.000000000000000000e+00
0.000000000000000000e+00
0.000000000000000000e+00
0.000000000000000000e+00
0.000000000000000000e+00
0.000000000000000000e+00
0.000000000000000000e+00
0.000000000000000000e+00
0.000000000000000000e+00
0.000000000000000000e+00
0.000000000000000000e+00
0.000000000000000000e+00
0.000000000000000000e+00
0.000000000000000000e+00
0.000000000000000000e+00
0.000000000000000000e+00
0.000000000000000000e+00
0.000000000000000000e+00
0.000000000000000000e+00
0.000000000000000000e+00
0.000000000000000000e+00
0.000000000000000000e+00
0.000000000000000000e+00
0.000000000000000000e+00
0.000000000000000000e+00
0.000000000000000000e+00
0.000000000000000000e+00
0.000000000000000000e+00
0.000000000000000000e+00
0.000000000000000000e+00
0.000000000000000000e+00
0.000000000000000000e+00
0.000000000000000000e+00
0.000000000000000000e+00
0.000000000000000000e+00
0.000000000000000000e+00
0.000000000000000000e+00
0.000000000000000000e+00
0.000000000000000000e+00
0.000000000000000000e+00
0.000000000000000000e+00
0.000000000000000000e+00
0.000000000000000000e+00
0.000000000000000000e+00
0.000000000000000000e+00
0.000000000000000000e+00
0.000000000000000000e+00
0.000000000000000000e+00
0.000000000000000000e+00
0.000000000000000000e+00
0.000000000000000000e+00
0.000000000000000000e+00
0.000000000000000000e+00
0.000000000000000000e+00
0.000000000000000000e+00
0.000000000000000000e+00
0.000000000000000000e+00
0.000000000000000000e+00
0.000000000000000000e+00
0.000000000000000000e+00
0.000000000000000000e+00
0.000000000000000000e+00
0.000000000000000000e+00
0.000000000000000000e+00
0.000000000000000000e+00
0.000000000000000000e+00
0.000000000000000000e+00
0.000000000000000000e+00
0.000000000000000000e+00
0.000000000000000000e+00
0.000000000000000000e+00
0.000000000000000000e+00
0.000000000000000000e+00
0.000000000000000000e+00
0.000000000000000000e+00
0.000000000000000000e+00
0.000000000000000000e+00
0.000000000000000000e+00
0.000000000000000000e+00
0.000000000000000000e+00
0.000000000000000000e+00
0.000000000000000000e+00
0.000000000000000000e+00
0.000000000000000000e+00
0.000000000000000000e+00
0.000000000000000000e+00
0.000000000000000000e+00
0.000000000000000000e+00
0.000000000000000000e+00
0.000000000000000000e+00
0.000000000000000000e+00
0.000000000000000000e+00
0.000000000000000000e+00
0.000000000000000000e+00
0.000000000000000000e+00
0.000000000000000000e+00
0.000000000000000000e+00
0.000000000000000000e+00
0.000000000000000000e+00
0.000000000000000000e+00
0.000000000000000000e+00
0.000000000000000000e+00
0.000000000000000000e+00
0.000000000000000000e+00
0.000000000000000000e+00
0.000000000000000000e+00
0.000000000000000000e+00
0.000000000000000000e+00
0.000000000000000000e+00
0.000000000000000000e+00
0.000000000000000000e+00
0.000000000000000000e+00
0.000000000000000000e+00
0.000000000000000000e+00
0.000000000000000000e+00
0.000000000000000000e+00
0.000000000000000000e+00
0.000000000000000000e+00
0.000000000000000000e+00
0.000000000000000000e+00
0.000000000000000000e+00
0.000000000000000000e+00
0.000000000000000000e+00
0.000000000000000000e+00
0.000000000000000000e+00
0.000000000000000000e+00
0.000000000000000000e+00
0.000000000000000000e+00
0.000000000000000000e+00
0.000000000000000000e+00
0.000000000000000000e+00
0.000000000000000000e+00
0.000000000000000000e+00
0.000000000000000000e+00
0.000000000000000000e+00
0.000000000000000000e+00
0.000000000000000000e+00
0.000000000000000000e+00
0.000000000000000000e+00
0.000000000000000000e+00
0.000000000000000000e+00
0.000000000000000000e+00
0.000000000000000000e+00
0.000000000000000000e+00
0.000000000000000000e+00
0.000000000000000000e+00
0.000000000000000000e+00
0.000000000000000000e+00
0.000000000000000000e+00
0.000000000000000000e+00
0.000000000000000000e+00
0.000000000000000000e+00
0.000000000000000000e+00
0.000000000000000000e+00
0.000000000000000000e+00
0.000000000000000000e+00
0.000000000000000000e+00
0.000000000000000000e+00
0.000000000000000000e+00
0.000000000000000000e+00
0.000000000000000000e+00
0.000000000000000000e+00
0.000000000000000000e+00
0.000000000000000000e+00
0.000000000000000000e+00
0.000000000000000000e+00
0.000000000000000000e+00
0.000000000000000000e+00
0.000000000000000000e+00
0.000000000000000000e+00
0.000000000000000000e+00
0.000000000000000000e+00
0.000000000000000000e+00
0.000000000000000000e+00
0.000000000000000000e+00
0.000000000000000000e+00
0.000000000000000000e+00
0.000000000000000000e+00
0.000000000000000000e+00
0.000000000000000000e+00
0.000000000000000000e+00
0.000000000000000000e+00
0.000000000000000000e+00
0.000000000000000000e+00
0.000000000000000000e+00
0.000000000000000000e+00
0.000000000000000000e+00
0.000000000000000000e+00
0.000000000000000000e+00
0.000000000000000000e+00
0.000000000000000000e+00
0.000000000000000000e+00
0.000000000000000000e+00
0.000000000000000000e+00
0.000000000000000000e+00
0.000000000000000000e+00
0.000000000000000000e+00
0.000000000000000000e+00
0.000000000000000000e+00
0.000000000000000000e+00
0.000000000000000000e+00
0.000000000000000000e+00
0.000000000000000000e+00
0.000000000000000000e+00
0.000000000000000000e+00
0.000000000000000000e+00
0.000000000000000000e+00
0.000000000000000000e+00
0.000000000000000000e+00
0.000000000000000000e+00
0.000000000000000000e+00
0.000000000000000000e+00
0.000000000000000000e+00
0.000000000000000000e+00
0.000000000000000000e+00
0.000000000000000000e+00
0.000000000000000000e+00
0.000000000000000000e+00
0.000000000000000000e+00
0.000000000000000000e+00
0.000000000000000000e+00
0.000000000000000000e+00
0.000000000000000000e+00
0.000000000000000000e+00
0.000000000000000000e+00
0.000000000000000000e+00
0.000000000000000000e+00
0.000000000000000000e+00
0.000000000000000000e+00
0.000000000000000000e+00
0.000000000000000000e+00
0.000000000000000000e+00
0.000000000000000000e+00
0.000000000000000000e+00
0.000000000000000000e+00
0.000000000000000000e+00
0.000000000000000000e+00
0.000000000000000000e+00
0.000000000000000000e+00
0.000000000000000000e+00
0.000000000000000000e+00
0.000000000000000000e+00
0.000000000000000000e+00
0.000000000000000000e+00
0.000000000000000000e+00
0.000000000000000000e+00
0.000000000000000000e+00
0.000000000000000000e+00
0.000000000000000000e+00
0.000000000000000000e+00
0.000000000000000000e+00
0.000000000000000000e+00
0.000000000000000000e+00
0.000000000000000000e+00
0.000000000000000000e+00
0.000000000000000000e+00
0.000000000000000000e+00
0.000000000000000000e+00
0.000000000000000000e+00
0.000000000000000000e+00
0.000000000000000000e+00
0.000000000000000000e+00
0.000000000000000000e+00
0.000000000000000000e+00
0.000000000000000000e+00
0.000000000000000000e+00
0.000000000000000000e+00
0.000000000000000000e+00
0.000000000000000000e+00
0.000000000000000000e+00
0.000000000000000000e+00
0.000000000000000000e+00
0.000000000000000000e+00
0.000000000000000000e+00
0.000000000000000000e+00
0.000000000000000000e+00
0.000000000000000000e+00
0.000000000000000000e+00
0.000000000000000000e+00
0.000000000000000000e+00
0.000000000000000000e+00
0.000000000000000000e+00
0.000000000000000000e+00
0.000000000000000000e+00
0.000000000000000000e+00
0.000000000000000000e+00
0.000000000000000000e+00
0.000000000000000000e+00
0.000000000000000000e+00
0.000000000000000000e+00
0.000000000000000000e+00
0.000000000000000000e+00
0.000000000000000000e+00
0.000000000000000000e+00
0.000000000000000000e+00
0.000000000000000000e+00
0.000000000000000000e+00
0.000000000000000000e+00
0.000000000000000000e+00
0.000000000000000000e+00
0.000000000000000000e+00
0.000000000000000000e+00
0.000000000000000000e+00
0.000000000000000000e+00
0.000000000000000000e+00
0.000000000000000000e+00
0.000000000000000000e+00
0.000000000000000000e+00
0.000000000000000000e+00
0.000000000000000000e+00
0.000000000000000000e+00
0.000000000000000000e+00
0.000000000000000000e+00
0.000000000000000000e+00
0.000000000000000000e+00
0.000000000000000000e+00
0.000000000000000000e+00
0.000000000000000000e+00
0.000000000000000000e+00
0.000000000000000000e+00
0.000000000000000000e+00
0.000000000000000000e+00
0.000000000000000000e+00
0.000000000000000000e+00
0.000000000000000000e+00
0.000000000000000000e+00
0.000000000000000000e+00
0.000000000000000000e+00
0.000000000000000000e+00
0.000000000000000000e+00
0.000000000000000000e+00
0.000000000000000000e+00
0.000000000000000000e+00
0.000000000000000000e+00
0.000000000000000000e+00
0.000000000000000000e+00
0.000000000000000000e+00
0.000000000000000000e+00
0.000000000000000000e+00
0.000000000000000000e+00
0.000000000000000000e+00
0.000000000000000000e+00
0.000000000000000000e+00
0.000000000000000000e+00
0.000000000000000000e+00
0.000000000000000000e+00
0.000000000000000000e+00
0.000000000000000000e+00
0.000000000000000000e+00
0.000000000000000000e+00
0.000000000000000000e+00
0.000000000000000000e+00
0.000000000000000000e+00
0.000000000000000000e+00
0.000000000000000000e+00
0.000000000000000000e+00
0.000000000000000000e+00
0.000000000000000000e+00
0.000000000000000000e+00
0.000000000000000000e+00
0.000000000000000000e+00
0.000000000000000000e+00
0.000000000000000000e+00
0.000000000000000000e+00
0.000000000000000000e+00
0.000000000000000000e+00
0.000000000000000000e+00
0.000000000000000000e+00
0.000000000000000000e+00
0.000000000000000000e+00
0.000000000000000000e+00
0.000000000000000000e+00
0.000000000000000000e+00
0.000000000000000000e+00
0.000000000000000000e+00
0.000000000000000000e+00
0.000000000000000000e+00
0.000000000000000000e+00
0.000000000000000000e+00
0.000000000000000000e+00
0.000000000000000000e+00
0.000000000000000000e+00
0.000000000000000000e+00
0.000000000000000000e+00
0.000000000000000000e+00
0.000000000000000000e+00
0.000000000000000000e+00
0.000000000000000000e+00
0.000000000000000000e+00
0.000000000000000000e+00
0.000000000000000000e+00
0.000000000000000000e+00
0.000000000000000000e+00
0.000000000000000000e+00
0.000000000000000000e+00
0.000000000000000000e+00
0.000000000000000000e+00
0.000000000000000000e+00
0.000000000000000000e+00
0.000000000000000000e+00
0.000000000000000000e+00
0.000000000000000000e+00
0.000000000000000000e+00
0.000000000000000000e+00
0.000000000000000000e+00
0.000000000000000000e+00
0.000000000000000000e+00
0.000000000000000000e+00
0.000000000000000000e+00
0.000000000000000000e+00
0.000000000000000000e+00
0.000000000000000000e+00
0.000000000000000000e+00
0.000000000000000000e+00
0.000000000000000000e+00
0.000000000000000000e+00
0.000000000000000000e+00
0.000000000000000000e+00
0.000000000000000000e+00
0.000000000000000000e+00
0.000000000000000000e+00
0.000000000000000000e+00
0.000000000000000000e+00
0.000000000000000000e+00
0.000000000000000000e+00
0.000000000000000000e+00
0.000000000000000000e+00
0.000000000000000000e+00
0.000000000000000000e+00
0.000000000000000000e+00
0.000000000000000000e+00
0.000000000000000000e+00
0.000000000000000000e+00
0.000000000000000000e+00
0.000000000000000000e+00
0.000000000000000000e+00
0.000000000000000000e+00
0.000000000000000000e+00
0.000000000000000000e+00
0.000000000000000000e+00
0.000000000000000000e+00
0.000000000000000000e+00
0.000000000000000000e+00
0.000000000000000000e+00
0.000000000000000000e+00
0.000000000000000000e+00
0.000000000000000000e+00
0.000000000000000000e+00
0.000000000000000000e+00
0.000000000000000000e+00
0.000000000000000000e+00
0.000000000000000000e+00
0.000000000000000000e+00
0.000000000000000000e+00
0.000000000000000000e+00
0.000000000000000000e+00
0.000000000000000000e+00
0.000000000000000000e+00
0.000000000000000000e+00
0.000000000000000000e+00
0.000000000000000000e+00
0.000000000000000000e+00
0.000000000000000000e+00
0.000000000000000000e+00
0.000000000000000000e+00
0.000000000000000000e+00
0.000000000000000000e+00
0.000000000000000000e+00
0.000000000000000000e+00
0.000000000000000000e+00
0.000000000000000000e+00
0.000000000000000000e+00
0.000000000000000000e+00
0.000000000000000000e+00
0.000000000000000000e+00
0.000000000000000000e+00
0.000000000000000000e+00
0.000000000000000000e+00
0.000000000000000000e+00
0.000000000000000000e+00
0.000000000000000000e+00
0.000000000000000000e+00
0.000000000000000000e+00
0.000000000000000000e+00
0.000000000000000000e+00
0.000000000000000000e+00
0.000000000000000000e+00
0.000000000000000000e+00
0.000000000000000000e+00
0.000000000000000000e+00
0.000000000000000000e+00
0.000000000000000000e+00
0.000000000000000000e+00
0.000000000000000000e+00
0.000000000000000000e+00
0.000000000000000000e+00
0.000000000000000000e+00
0.000000000000000000e+00
0.000000000000000000e+00
0.000000000000000000e+00
0.000000000000000000e+00
0.000000000000000000e+00
0.000000000000000000e+00
0.000000000000000000e+00
0.000000000000000000e+00
0.000000000000000000e+00
0.000000000000000000e+00
0.000000000000000000e+00
0.000000000000000000e+00
0.000000000000000000e+00
0.000000000000000000e+00
0.000000000000000000e+00
0.000000000000000000e+00
-1.888755922150484601e-01
-1.166816317630998023e+00
1.571458425107293833e+00
-4.150166769484380236e-01
1.249261235538757786e+00
4.063769466953845999e+00
-1.791612407071440538e+00
2.451489001898958353e+00
-2.979980947333269015e+00
3.386650564557243115e+00
2.116421393686462427e+00
4.608716370977123056e+00
3.923064694361394267e+00
1.270043144685107039e+00
-3.381981339278807397e+00
3.828731886736946866e-02
-9.847747495495180470e-01
1.621861316162387601e+00
3.922271460428986556e-01
-4.316250930843142264e+00
7.945619745147603830e+00
1.050255729951682593e+00
5.325963060824313366e+00
-4.639342405009151626e+00
-5.263029238961647316e+00
2.694171105887508411e+00
-7.890873305485410771e-01
1.796411975126946281e+00
-2.086332481410184236e+00
2.210184327614405753e+00
-2.218576823993053893e+00
5.392848652255417541e+00
2.903743810162785266e+00
-5.331107882894174921e-01
3.258442188682056262e+00
4.628298971392291072e+00
-9.703632424347656382e+00
-5.087325564152356261e-01
3.221961196933428084e+00
7.161308994824709950e-01
-3.953694813836091448e+00
-1.370266515653764339e+00
-2.246617648236010290e+00
-1.670864606539806951e+00
-6.490433654443037437e-01
-5.239133043505672660e-01
4.952726700544994642e+00
4.417926365401347866e+00
-1.038222492224026627e+00
4.869311222865412070e+00
-6.550071501292344944e-01
3.030647152455146376e+00
5.830729510951213612e+00
1.354783349848409646e-01
2.037417910439701885e+00
7.456471713276709323e+00
-3.240962079048129496e+00
-7.200287264056613346e+00
2.658600775442479858e+00
1.236994801642691932e+00
-1.422950772474628645e+00
-3.303388739570872090e+00
2.905551141582053631e+00
-8.618164544689461692e-01
-3.332411026578282254e+00
5.151352079960013874e+00
-1.522867349331874065e+00
6.725906090211672961e+00
5.226968750570314626e+00
3.645821066156698542e+00
-5.155926523846211751e+00
-2.359339622767075539e+00
5.559528372292733778e+00
-3.839838271023639393e+00
-1.917732141101437859e+00
8.032125723597355105e+00
1.504502652669135188e+00
-5.040343301734209192e-01
4.156786614910534805e-02
-1.983367903804144072e-01
2.140581181057224391e+00
5.768860193622167287e+00
2.273839430719795995e+00
-4.467292778936117870e+00
1.801020303510194376e+00
-1.092725948099298572e+00
5.283149917233442849e-01
-1.028996537894771457e+01
2.085478288089182453e+00
-3.396287699628284251e+00
6.069188129174296620e-01
7.739572321052576420e+00
2.583869167041505044e+00
-3.546412562900827403e+00
2.811512317588537035e-01
8.444859020616345191e+00
2.910375786779141327e-01
5.896727398615064786e+00
1.461990174446085700e+00
-4.344162617120760572e+00
-5.533185891645764798e+00
-8.205116074435800932e-01
6.808553476151937289e-01
-4.400795574998999093e+00
-2.491533797950399531e+00
-1.502469260384604377e+00
6.005112361362405782e-01
-2.773090690950432702e-01
-2.280599150579122991e+00
7.593958816924448740e-01
5.865539602517490181e+00
2.389010837809779630e-02
-5.061527549922220537e+00
4.297511961740404729e+00
5.800232575926258516e-01
-1.856802984539437373e+00
4.637565329852842311e+00
8.751650353043837427e+00
2.079182468208080614e+00
-6.206582650114589317e-01
-4.387929416108782732e+00
2.391297959999966416e+00
1.911808004545713091e-01
2.398607959539211798e-01
7.859845741234050553e-01
9.438322219168743255e-01
-1.081129894700039173e+00
-9.685017967597473465e-01
5.761226427332165612e-01
8.767430847727711196e+00
4.160803752773646558e+00
2.661827964833184623e+00
-3.743445238606271097e+00
1.955428729833616819e+00
3.697917513008514234e+00
3.404795831887792446e+00
-8.205094759374711444e+00
6.311297371724942096e+00
-2.059586858658032149e+00
4.810675943299885238e-01
5.956168458251764886e-02
6.888399433691178686e+00
2.696937385928330322e+00
-1.543643864754382422e+00
3.696008260009250534e+00
-1.056646701751114303e+00
1.561309267699783732e+00
-2.322852546161047194e+00
-2.467714552619511004e+00
4.748736226410622763e+00
-1.137578345158294812e+00
2.414965970456680822e+00
6.070953931020852679e+00
2.992381140845691512e+00
-2.432882339555868523e-01
1.038586621984015412e+00
2.529447273913639993e+00
-8.672668560766727541e-01
-3.368849577507002202e+00
6.000148663569534691e+00
1.330217823234791652e-01
5.125668695311579093e+00
2.845611826110170384e+00
4.243823991233862003e+00
1.970507641581361824e+00
2.406397833993165314e+00
-1.762083618262986873e+00
3.411057516746482499e+00
-1.002543398463272561e+00
1.919038663424974311e+00
2.423820100720321946e+00
-5.150625271041208819e+00
-5.181869306192513847e+00
2.383921155136784487e-01
-2.197711632510180202e+00
-1.997999956693704116e+00
-7.287811121316147833e-01
-5.105317608790918449e+00
-6.603490365120481265e-01
5.461020389470720993e+00
-6.413807638234907849e+00
-1.647644602568149486e+00
-1.761007155614754405e+00
1.607724966915511366e+00
-2.505619936534279724e+00
9.885061513564750157e-01
5.055853273279938165e+00
-1.318574598991644420e+00
4.792712769188974598e+00
2.748894244885575766e-01
6.718366665512805369e+00
-2.950696041569334405e+00
-4.342164882666854631e-02
5.315944712160577623e+00
-2.784715201000413920e+00
7.314381317501214008e-01
3.361708781654189515e+00
-1.564371165368904082e+00
-3.454166030028898327e+00
3.780187356504284835e-01
5.920587868249760355e+00
-6.377821618993244179e+00
-1.663894445552252188e+00
4.549536054761552428e+00
3.924785542269668248e+00
-5.398128409138654327e+00
9.979710229492251283e-01
1.814184743698831426e+00
7.475928889566612057e+00
2.687344011808048272e+00
6.355237654957603954e-01
3.587495341453358577e+00
-1.290159410940512563e+00
-5.767096279281598292e+00
-2.719323089386383785e+00
-1.028168145508346898e+00
3.690663807575669253e+00
-3.133846901959429943e+00
-7.404884725943952084e-01
3.114734549439311384e-01
3.538794755894747457e-01
2.286806013859172815e+00
3.033728286063481328e+00
3.544315815158254779e+00
-3.837308834261938806e+00
2.443651996480005195e-01
-6.951515956226479886e+00
-1.178378521916527921e+00
1.573866041452036679e+00
-3.537600091110308931e+00
-4.436564289431058405e+00
1.942648274363428795e+00
-3.734502746271439744e-02
1.423654799555724937e+00
3.413220872029834041e+00
2.450312120003864891e+00
3.796025932103920475e+00
3.815169555214951380e+00
3.950853231432432722e+00
-3.138624605731394901e-01
7.298641432863909095e+00
3.381187108851944956e+00
-1.835816127427271960e+00
1.908085073985926305e+00
2.726835410528262393e+00
2.362595263385117939e+00
-4.758839530920682570e+00
6.149457139616847368e-01
1.336614038214093858e+00
8.209958282275187091e-01
-2.090491246486585020e+00
-5.216180775418284288e-01
3.968456559605147760e+00
4.136495704708735843e+00
1.008716292178087892e-01
-4.076569132664298323e-03
7.336884173346956972e-01
-3.349817669761613992e+00
-6.345042309778985423e-01
-3.509551831317623716e+00
-2.665752821013739116e+00
4.693331788387371084e+00
-5.768643817205143520e+00
-1.392550702790765316e+00
2.506990857514668214e+00
-2.853534360154784899e+00
6.098728799487804331e+00
1.889382040089636616e-01
2.624298793733593538e+00
5.201953970348538459e-01
-9.423792804366892817e-01
2.385004752553582907e+00
-1.723311664004915977e+00
7.424760203968683303e-01
1.368063497997171751e-01
-6.858134368524759772e-01
3.472771008259152303e+00
3.635017680352096825e+00
3.409015158532708867e+00
3.065168186518595128e+00
9.954740899927880804e+00
5.956459171671431463e+00
6.819211650275502912e-02
-4.026056705827198989e+00
-3.457679102647792657e-02
-3.041779427070359088e-01
-5.844391661145618144e-01
3.823245305305197905e-01
2.654516131082202968e-01
6.910959588173202661e+00
5.528108590586268134e-01
6.033019697110331592e+00
1.687312171673850170e+00
1.552344324093152705e+00
-6.420030219475829636e-01
-6.365389336303850065e+00
1.463845948828917720e+00
6.537504380601176557e+00
1.737801462146670417e+00
1.566458632469043266e-01
4.813214812698543454e+00
1.084026357914624983e+00
3.555607875253401495e+00
1.392682412918286428e+00
5.118910414506030904e+00
2.133675166615987884e+00
6.128276086063235262e+00
-4.254462781135219807e+00
1.036000422884275274e+01
-9.806769560132890806e-01
1.041832136141327858e+00
3.503939701621333058e-01
1.014453752329674829e+00
3.086030744334227194e+00
2.699221221590046405e+00
-1.795260607029626199e+00
-6.390474347123730858e+00
9.614473564837421327e-01
3.697866922476973905e-01
2.581435729598295037e+00
-3.975283910289217904e-01
-4.106881982777085049e+00
-3.148014527913292504e+00
-4.597645488030936534e+00
4.527065737365002285e+00
3.039083542840590901e+00
7.000643314052856780e-01
4.599543217196875311e+00
1.080377662966795960e+01
-8.655994241404594280e-01
1.070527408503278011e+01
1.681236872841326946e+00
4.230566208671455719e-01
-3.783039420193590185e-01
-3.852728239829986912e+00
1.724825422104005135e+00
1.161169159116083316e+00
-2.247536591470282730e+00
5.245412068597790078e-01
-8.949934746200467472e-01
-3.027155321614528383e+00
-1.170044244565435765e-01
-3.719487308904334988e+00
1.029308670129156944e+01
4.460323101651108568e-01
3.044275911846582972e+00
-5.113060593773696816e+00
-1.259702840112854050e+00
8.165887091504908657e-02
-6.093931282394313698e-01
2.909629046107262695e-01
1.997344150529011486e+00
1.000333642720274252e+00
-4.252788360778435361e+00
5.717718115131034118e+00
1.258258988797967159e+00
1.454499821990483888e+00
3.476084484076598535e+00
3.299709556433259472e+00
-2.490331717938857103e+00
5.944866242244473131e-01
2.593086609676784171e+00
-6.630113230677048719e+00
4.282270384999020685e+00
-6.925433364301096795e-01
1.555711193457489649e+00
3.927249841844065337e+00
4.603310591501892368e+00
-3.889435616312904465e+00
6.076678749867856499e-01
4.057369826161168369e+00
1.807772463193981771e-01
3.606573181945457840e+00
-1.849295747103957721e+00
3.810680413028931568e+00
1.882578803140316781e-01
6.291714829221827010e+00
2.791764552958772683e+00
-3.956855880377989187e+00
4.037410277031798778e+00
1.854034840453742561e+00
3.509162021366935003e-01
-6.380028766080723557e+00
-2.994478802184612043e+00
8.081062683965374305e-01
-7.011890345944205016e-01
-8.359314164281961723e+00
-1.466917840867221434e+00
7.987589359847201420e-01
3.978122934107033437e+00
-1.253489363449815874e+00
2.839556575028251650e+00
1.385596067553379607e-01
-2.594766776670783592e+00
1.747339207774289971e-02
2.359414998268615449e+00
8.145408524113115334e+00
-3.575369156882776345e+00
1.512116757110227194e+00
-1.977889032705729688e+00
5.737479195991208591e+00
1.333548101237381101e+00
7.636244656295542166e-01
-1.383344879822614226e+00
5.965711645627081339e+00
3.947805157632030770e+00
7.444816402876022199e-01
-1.912800609689661480e+00
2.853121091752495175e-01
2.945184954275720912e+00
2.024091328606510976e-01
-8.198735037823412508e-02
-3.736362621036619203e+00
-2.279796031355554753e+00
4.223508836801037614e-02
-1.143558061273218573e+00
-3.828743939482254000e+00
1.396423104499338042e+00
-4.587614110104031973e+00
1.510299913398799099e+00
-1.925885816514243620e+00
1.178454600456190882e+00
5.629454504756878919e+00
3.678004457692480855e-01
3.867031696968573407e+00
6.639643038909768258e+00
3.010676519742784829e-01
-2.759833186658910975e+00
-3.538609266980516033e+00
-1.345333783004772465e+00
3.169111767772744059e+00
-2.272798912905981794e+00
1.688033016892117599e+00
6.242435678388518205e+00
2.709348606111428914e+00
1.030872451580830962e-01
4.672096382876492093e+00
3.872557990547035089e+00
1.045128011489392161e+00
2.868692585470141054e+00
-6.180486826120166199e+00
3.414356724761784534e+00
2.593943796612642849e+00
1.005770190962288479e+00
-6.304035418832580895e+00
2.418765567866405952e+00
-1.625177612325881205e+00
-3.047738142631544633e+00
4.247807077325421510e+00
-1.976746942249847594e+00
-4.435997719838784548e+00
3.006815195259818552e+00
5.363472573550059908e-01
-4.830823822224679986e+00
2.087810274463045790e+00
5.056559878951923714e+00
2.419038019219644120e+00
3.013082842906433356e+00
8.973597529286984065e-01
7.436027500691830827e-01
4.553420739960992947e+00
-3.159105856367270260e-01
-1.678664644539506368e+00
-1.085585434500336843e-01
9.281523686234069981e-01
-1.137521990430223839e+00
1.566993326928928232e+00
-8.216276892751495087e-02
-3.362303091252947240e-01
5.460643424433786919e+00
8.679179397286514330e+00
1.048280078415610994e+00
8.647891632892852343e+00
2.431119862826377709e+00
-7.609694580812318421e-01
-3.609056876048176044e+00
2.356281312738576883e+00
5.028541809366893212e+00
6.448647134847285578e+00
-2.839137378059551686e+00
3.055780898279686575e+00
2.198526901454586735e+00
5.651321216628899524e-01
8.041799016926727717e+00
-6.203196914094726289e-01
1.565916318630152126e+00
-3.718529471867425329e+00
-6.475164456273796443e-01
-2.073186712624575101e+00
-3.767476247987639582e+00
4.409821377729546299e+00
-3.723118365510931227e+00
1.290977665029521493e+00
-4.395048683359098263e+00
-4.199672801846821457e+00
-3.537406308901520635e-01
4.557995216423253559e+00
-5.523860602868721159e+00
5.598829678436481494e+00
-3.614949714489099630e-01
7.386590631821621233e-02
-1.960128990190497911e+00
6.471782493335705988e-01
2.257172427195138553e+00
-6.171445377399096266e-01
3.064451513558544171e+00
-5.614730388207418876e+00
-1.177391828020090792e+00
2.845969143759458753e+00
-3.451173855709609661e+00
1.967580658686737705e+00
5.321023827545615426e+00
1.109052107310710023e+00
4.234706991747053451e+00
3.579633648371449706e-02
1.917656790072894690e-01
6.372919570115885612e+00
6.154682617871014116e+00
-1.855087520611917951e+00
-5.620859781130020494e+00
1.822844400651278729e+00
6.355097247839617935e+00
-1.876064060521421828e+00
8.625678670705596573e+00
2.450370702287099967e+00
6.122836925857076729e+00
6.638666768745456359e+00
5.153513845889428069e+00
2.931761182364267526e+00
3.848654908326344382e-01
-3.486586353005549199e+00
1.523999756459925692e+00
-5.003437435222609864e+00
-3.253646632646881365e+00
3.465413611884930134e+00
-6.576963725989623200e+00
3.180349412876665838e+00
4.733387837630083639e-01
5.165961606925209004e+00
6.049841211122988227e-01
-2.210968303418124670e+00
3.835144092662381432e-01
-3.499615232283677102e+00
1.504634889583416735e+00
-4.580267051805396505e+00
5.211965835774694078e+00
-1.760931866083911279e+00
9.694804256522975283e-01
2.789313117799695707e+00
-2.064990837363351872e-01
3.038837787206407626e+00
6.430781036642969184e+00
1.974175399850433887e+00
-1.891703501938212240e+00
7.508966766256784942e-01
2.550352437893501190e+00
2.446279492649098275e-01
3.426563565387016119e+00
-2.842547181322277794e+00
-3.696289326138124665e-01
-2.608204257519854963e+00
-3.209318835744873866e+00
-8.197418135491438829e-01
3.956255012187439579e-01
1.690468834374745821e+00
1.524516978694598679e+00
1.254416400391498376e+00
1.132886280635405640e+01
-3.628738107812389480e+00
-1.264594034439051606e-01
5.529006331857615031e+00
9.542591167605467550e-01
-2.582357388908665285e+00
1.054709612703012001e+00
-1.813914350763818906e-01
2.828317807005564788e+00
2.823384383332321335e+00
2.008970599109426436e-01
-4.970771903808541836e+00
-5.055009590789503626e+00
-1.507079063944840591e-01
1.282291300898239284e+00
-3.285444802970876044e-01
6.409848479640679386e+00
3.858340003874479729e-01
5.623699958313075342e-01
4.133816854353308479e+00
2.302556462315817676e+00
5.758595016250383836e+00
1.131150445668344107e-01
4.375331621688377526e-01
5.606679564904166746e+00
5.048194963402996560e-01
-4.997540347008985862e+00
-3.632391930581282402e+00
3.131156889825189360e+00
2.318742437674365942e+00
-1.923631491764231649e-01
-4.039218115696680655e+00
3.979612318531629889e+00
4.792514666713423743e+00
2.934943035982625403e+00
3.824616974873192854e-01
-8.073015155854928793e+00
-9.196456348056936125e-02
-9.111837192492837634e-01
-2.019672899781936870e-01
1.624939907466927291e+00
1.544389824459164062e+00
2.098444288576927441e+00
-3.676184048730148035e+00
-1.126239530362959540e+00
2.004263832786588484e+00
1.779200305693301454e+00
2.487182795502385968e+00
2.431882235922383506e-01
5.840010893605405151e+00
-3.065515584228001522e+00
-5.379453413627881986e+00
-2.035010849150169499e+00
-5.294204796815527025e-03
3.709679051418414808e+00
2.614941199229032343e+00
-1.810802705394351841e+00
4.915960730477386242e+00
1.817979098313909692e+00
9.557253285477151916e-01
-3.075097315652007168e+00
-6.896962710986279887e+00
-3.522124229864564970e-01
-9.195688865703404158e-01
4.714992041651924204e+00
3.590735534294925202e+00
-4.969801741803723694e+00
-5.593165829029063119e-01
-6.289250273506749700e+00
1.490829596601385587e+00
4.119794889338153965e+00
6.222034890093854909e-01
-2.275204226771399441e+00
-4.513852492991500043e+00
6.035768248057022056e+00
2.252007379844836343e+00
3.235174544491127513e+00
-4.070060609560799403e-01
-1.264474313550584261e+00
-2.375097925744366734e+00
9.975665066539838310e-01
-2.365249062543941072e+00
6.292200812264389320e+00
-2.092196257415642968e+00
-5.620130569655509056e+00
5.594113852034340306e-01
-9.524263955574203688e-01
7.094351160986549054e+00
3.811785095988099670e+00
4.482911549290005127e+00
-9.093127151501476657e-01
3.746994077142014490e+00
5.740424213049988289e+00
3.325010395741885283e+00
2.920830608212966473e-01
-2.068283627129033242e+00
1.247534421342706423e+00
1.555396784819261580e+00
3.008106419752149208e+00
1.140151138186339708e+01
-2.132059755491461317e+00
-2.077768940114729901e+00
-1.093739249789530410e+00
3.168888811796177762e+00
-1.125326711949989456e+00
-1.157499080380759438e+00
2.297320560035122750e+00
5.280133642535004279e-01
6.033880852120748095e+00
-2.908566818005388299e+00
3.438822316958406233e+00
-1.693661976931702062e+00
6.698668016754564469e+00
1.961135527881666674e+00
5.299799649885593489e+00
6.352825138864761634e-01
2.147067790634436868e+00
9.289156934601643378e-01
-4.155067236036792622e+00
1.655628287258708919e+00
4.702007978802143384e+00
5.270679954488698415e-01
2.646237127838893421e+00
-1.448087329590460159e+00
1.254529238174550532e+00
6.370415068731292152e+00
3.320198622392183552e+00
-2.739248396976774913e+00
5.350122680856189028e+00
-1.916102445629031203e+00
4.172264500187435665e+00
-1.319884545503944073e+00
-4.662475296535120606e+00
7.451390845546771446e-01
3.994981831027849317e+00
-4.001592424458268127e+00
1.540292557411081731e+00
8.564747393300143230e+00
3.715295003806660668e-01
-2.524758779532866093e+00
7.187839652229367493e-01
-6.574808718049824918e+00
5.202733060231213180e+00
8.589545133053569259e+00
-2.549000178535128391e+00
-3.333496923735979056e-01
-6.820210020569434928e-01
-2.077709245060289867e+00
6.462109811760197609e+00
2.309440128678515336e+00
1.837302759257291696e+00
6.369028295005391804e+00
5.126411279550952216e+00
-1.211974413933365247e+00
-3.340358092808019208e+00
2.913790311989635562e+00
2.830752831011165149e+00
-1.428028798039589153e+00
-1.448476840698639689e+00
3.808328123656148811e+00
-4.194413817406903000e+00
2.456524169000187996e+00
-1.328307381012857613e-01
4.837370152504180787e+00
5.841985996886887023e-01
8.766259474077968683e-01
-2.519336566663382904e+00
2.274091073675029495e+00
-3.799102280792038933e+00
1.826873104477316767e+00
5.256267560920573345e+00
-8.426280717632861350e-01
2.430999902708678828e+00
-3.444568393986404686e+00
1.566019179020632368e+00
1.496034856722980866e+00
2.251817671508966612e+00
-1.389443672667942442e+00
7.536408845133145462e+00
1.447377902553937945e-01
-5.104738178316197139e-01
2.668864953973464349e-01
5.272042280205837983e+00
2.641895041586632686e+00
-2.410576387384752550e+00
6.139269322150402886e+00
2.442533608212317464e+00
-2.005611692465901541e+00
4.260752216926224634e+00
5.873769043676813517e+00
5.997435799916821519e-01
-4.132540803107471739e+00
3.080030201163375114e-02
5.623355165100641706e+00
-7.281423770098793824e-01
-1.229878062399834215e+00
-7.113167466783733239e+00
8.329393422528164947e+00
3.301957127897291677e+00
-7.334966082280625077e-02
2.661597130477554529e+00
1.160046649502783023e+00
-3.022763299393406378e+00
1.631729829073826021e+00
5.582674882478726452e+00
3.950939344164032363e+00
-1.497671376512199393e+00
3.604549343924776217e+00
4.910323477376199452e-02
3.703683345326759024e+00
3.537617219407339419e+00
-2.942646447391616071e+00
-2.363829949092847826e+00
7.290876237274848570e+00
-2.990722489807109419e-01
1.075399906116299320e+00
-4.633294082085963606e-01
2.564721401023383418e+00
-9.270026895616176876e-01
3.723884296956795126e+00
-2.238917080574192475e+00
1.123690847399763371e+01
5.101990798635720914e+00
-2.751497395918853783e+00
6.492377495083192507e+00
-2.876316700707715057e+00
-5.478012109985608280e-02
-4.157953279843445316e+00
-2.963019593386441386e+00
6.004825797813571953e+00
-4.834131026203791759e-02
1.096367099191634997e+00
5.952671821554874398e+00
2.351355327847901577e-01
-3.233487392043023156e+00
5.148862902481796677e-01
6.680412093885159663e+00
-3.007516485521657401e+00
-6.800153176743228833e-02
7.097640939515497127e-01
1.823136904608781972e-01
-5.865204526196610146e+00
-2.506103064447245288e+00
-3.316305673717829805e+00
-3.484124676752530014e+00
3.806424110962904450e+00
-8.310221267599353645e-01
3.422399914394069320e+00
-1.532661251405032177e+00
-3.159965387684306570e+00
1.100009184416935426e+01
-2.576379962273889213e-01
1.156647571576240319e+00
-2.183195080267086308e-02
7.367350936547646389e-01
-3.302807563185202966e+00
-1.244392034822050519e-01
5.286977202321104130e+00
7.170098634528772052e-01
-1.673420274283141440e+00
-3.727952519240712803e+00
3.188302712333992983e-01
3.698806921300074713e+00
-2.048429677123976944e+00
1.095477433278944623e+01
1.411139293401925121e+00
-3.692549698619054244e-01
-1.388909494283257162e+00
1.096466786236513391e+00
-9.047778523413858576e-01
8.262969862762724604e-01
2.466773821512951770e+00
1.559515691168663398e+00
9.776988626790785730e+00
-1.698557492896105137e+00
-2.451688840844366446e+00
-4.912253540266161345e+00
1.699489331285489513e+00
2.983937369585438759e+00
1.460751909599881992e+00
1.465902147752520923e+00
4.289704859873872955e+00
-1.245890328344019471e+00
6.131992035260056539e-01
3.864896241467902449e+00
-1.676656779102040362e+00
4.075713574697862884e-01
7.190685582091989048e-01
-7.215829461994136551e-01
-4.405279115344850283e+00
-2.025875906691358974e-01
6.253318365397634082e+00
7.569993904942986518e+00
-4.972351485885324607e+00
1.706025699701247955e+00
-1.618234444783797299e+00
2.103751273701959246e-02
-5.736804112333836692e+00
-6.066011527144858917e+00
6.680619841130434056e-01
-4.681876083233182051e+00
-1.513894841990070850e+00
6.131625188348636790e+00
-7.770018326356105121e-01
1.726526362073266263e-02
4.532162704303877909e+00
-2.212992759966673439e+00
3.955022475478489952e+00
5.256486229042756975e+00
-2.728751965031851690e+00
3.051831618153916459e+00
-3.765672157727657954e+00
3.794043714824967495e+00
-5.799973103048481349e-01
-8.777711306335262975e-01
4.511741334663675218e+00
3.174237908924856022e+00
4.579506651258732575e+00
1.042108063253934791e+00
-6.506969301665954664e-01
2.710786933697392875e+00
6.048525148452624123e+00
6.099230941988962318e-01
-3.405016843418493977e+00
5.036453506617842635e+00
7.151319842346491207e+00
-2.203555067133935452e+00
4.823076036056511917e+00
3.139332382546166089e-01
-1.273422800465560112e-01
5.093966580135118605e+00
-2.353712321577370759e+00
-1.595350765791801573e+00
-5.642518401709246678e-01
3.842965833988503555e+00
-9.183197973950507631e-01
-1.950847689582324573e-01
1.284741057328212310e+00
-3.279200058471582580e+00
1.056995186866953595e+01
2.857978158076051045e-01
1.371725138373645958e+00
5.277308006850091715e+00
4.375024756647444057e+00
2.309176742577143671e-01
5.715509302865730668e+00
1.289298726641396442e+00
-2.039452086324951452e+00
2.509424769568781244e+00
5.097602468401995601e+00
4.966439056995752388e+00
1.669788754797326913e+00
5.003232788300386424e+00
3.829612276773973534e+00
-5.833492327978945013e+00
1.851147442184484238e-01
2.018125098009222018e+00
4.086471159233113326e+00
6.588968718443040107e-01
-3.031777717031103325e-01
-2.082618602763788296e+00
-2.726131565408463686e+00
2.626308428754354996e+00
-1.966813142054161245e+00
-3.405976068587117211e+00
-1.529874992073888551e+00
3.840110587342098647e+00
3.071356172867928613e+00
-9.175403183518091588e-01
-2.063772012704144565e+00
-3.541116717676938919e+00
2.551926233346272888e+00
-1.698611161446321516e+00
1.943892966740982553e+00
7.513470233030966838e+00
3.772178842813543653e+00
-5.740845849562692393e-01
-2.791528293993190246e+00
1.676671414323129383e+00
6.091408758400970846e+00
-2.433420505018054847e+00
2.957131455057544045e+00
5.330346548005908680e-01
3.667943563855828870e+00
-1.329385537233583436e+00
-1.367573309007574567e+00
1.491109097295614694e+00
-2.860888015431084064e+00
1.699036049714598207e+00
2.752345325216781546e+00
2.935772605804299218e+00
-3.003133012847543526e+00
-1.687493272586585435e-01
4.318368967808634551e+00
3.145810805417796452e+00
-3.747088179759117121e-01
-1.234124572949722554e+00
-1.896498381944901057e+00
2.028347107758234902e-01
-2.236299882439135800e+00
-7.905233842004446565e+00
-3.983031192408559296e-01
-6.093586110234481268e-01
1.062994208706210308e+00
4.885379482745631385e+00
-2.033887419841075683e+00
4.939022439841189716e-02
6.466793182505805593e-01
3.264726581509942882e+00
4.481065496406998250e+00
-4.588020642906087687e+00
2.045373706349704612e+00
3.323382157554721772e+00
1.366494208135231148e+00
3.086908974224820135e+00
1.159080859081640602e+00
4.331936480524913868e+00
1.188514092706015823e+00
-5.037227681554061753e-01
-2.141588528289550375e+00
-2.512073029826171755e+00
5.322773227938214724e+00
4.079189638340660728e+00
-2.695876537888538316e+00
-3.732691085576863799e+00
-5.930414230038437928e+00
-3.633681899252312331e-01
-1.146317168045097645e+00
3.998541549987148613e+00
-5.965772682827504170e+00
-5.019513415747012708e+00
-1.468239095109890924e+00
2.487837359167475171e+00
6.450593514225593239e+00
1.783988444322863298e+00
-1.256448130954527675e+00
2.307221086428569823e+00
5.013592772365672801e+00
1.282107643860256996e+00
-1.411377613262003505e+00
2.617696759945090657e-01
-2.989147370230857526e+00
-1.260010640541459503e+00
1.532274309258931266e+00
1.473932259936040712e+00
1.408576856325800986e+00
1.323306593543693399e+00
1.149543107016798960e+00
2.853382484659896079e+00
9.160932709722080514e-01
1.716711371205447367e+00
1.930357136817647534e-01
-4.837281817373086490e+00
-4.390551918473284410e+00
-3.328045262326011056e+00
-1.708762979732322274e+00
2.545273097733435907e-01
-5.794494340724344106e+00
5.771873649152527541e+00
-4.469808779500883844e+00
6.096013906057698328e+00
4.938129586274444982e+00
-1.494205746698822557e+00
-6.115570532906936307e+00
1.455522400676160233e+00
3.497065566777156853e+00
-6.804297682186705387e+00
3.310079503162278058e+00
5.566766087871161339e+00
1.653731657496325447e+00
2.671829419364255553e-01
2.244733796096775258e+00
-5.103813205856839730e-01
4.442713971467156853e+00
-4.436579685786345983e+00
1.582266019901705789e-01
3.741079949001440141e+00
6.751018911815653833e-02
7.120329377332060616e+00
7.523161186559211622e+00
-1.366371255634382331e+00
-1.579652148138199097e+00
5.534363721199389907e+00
-2.507701411046093121e+00
4.068723440749522524e+00
1.372354480450058922e+00
1.108924347008662492e+00
2.602205806201324911e+00
-3.967325111285766148e+00
2.448465970963150440e+00
1.104542387836302542e-01
-5.254837221331245978e+00
2.424821735742268558e-01
-2.849210940089988320e+00
1.803336928229372083e-01
5.558225026328905471e+00
-1.140116880374478781e+00
1.195343089218679822e+00
7.782821887019232276e-01
5.183748376890727982e+00
4.542886468658086763e+00
-8.850768309008258949e-01
3.311265324584423908e+00
5.090335951617919186e-01
2.588546058284114881e+00
-2.415699602783947242e+00
9.169834994564495245e-01
3.322404568122783175e+00
2.802150712226493257e-01
-4.971415972255319282e+00
4.592652497518964871e+00
4.313292848412773495e+00
-7.423995040347934893e-01
1.638396106407138841e+00
-2.103009512438692497e+00
4.580704396364347453e+00
-5.893264657058484346e+00
-4.346825025197998293e+00
1.844013817156634483e+00
1.595270542019906479e-01
-3.569866824475891320e+00
-1.283466173388608800e+00
-3.915542123517330442e-01
-9.210102225074285442e+00
-1.837024683172906014e+00
1.319592824534163711e-01
1.690734674826346318e+00
8.575313567711614349e-01
9.780907490701267193e-01
-5.634416746407113763e-01
1.453376658459391901e+00
-3.316483664510744056e+00
4.492674605878216099e+00
-3.026560498406281052e-01
4.209784970099918588e+00
-2.500243795356472454e+00
-5.159144229409946547e-01
3.954426272439451218e+00
2.066366611620571447e+00
6.262219309671022138e+00
2.739786262252537075e+00
9.507499350693753293e-01
1.411944435059326430e+00
1.000023903522633484e+00
9.889841079281381786e-01
-1.642328275762361622e+00
-5.274992768965319989e+00
-3.788365803804578213e+00
-1.493394059009851782e+00
-1.066764176839762657e+00
1.888627124735620777e+00
2.031995312781365470e+00
-8.294148654334687620e-02
7.631775358416825750e-02
3.669309291865284983e+00
1.560353149546089835e+00
3.288085064881477670e+00
5.624569957874236081e+00
2.593721546535088684e+00
2.420478344508068425e+00
5.118101719370163671e+00
-3.804184636723486612e+00
1.381926916369246250e+00
5.438678991267305030e-01
-2.932169610372592494e+00
-1.618058829635258045e+00
-2.035792574725125981e+00
4.211666614689613120e-01
-6.518369526195810337e+00
3.516814649982727303e+00
5.141247393496643170e+00
1.738351713881618688e+00
-6.527472843676930481e+00
-3.338893370058394261e+00
3.151294051900047855e+00
-2.885123224708344480e+00
1.059179484002622740e+00
6.095921656612389050e+00
-3.278041036781147888e+00
7.969974855269668090e-02
-8.623730917214222913e-01
-4.749911670601785652e+00
3.918278964689497101e+00
1.272385272261860711e+00
2.118189571843217323e+00
2.121830787847059696e+00
4.469773961173040711e+00
-1.750585166629006872e+00
4.352863483447155346e+00
-2.391339688311363787e+00
5.660110701987667525e+00
5.258677876483406344e+00
-8.853594163584750376e-01
2.483469419584078075e+00
-4.050396861646270441e-01
3.970353145537423245e+00
9.412866468790705099e+00
1.307630509130267349e+00
-5.278423453410607813e-01
-2.911705304353655599e-01
5.075899138906303509e-02
-2.470048494576316145e+00
-7.349000978797268768e-01
-3.004673999469479995e+00
-2.326898646966337747e-01
3.648150841670881661e+00
2.429638414514787126e+00
7.557818661808299865e+00
-3.931473605781977909e+00
7.512134622023398656e+00
3.667071899127124723e+00
1.231714969406212168e+00
7.608061289155064522e+00
-1.413836229130588817e+00
-1.036735960670463585e+00
-1.184306428441163739e+00
2.431795830155525362e-02
2.117306555126056145e-01
-1.153037427943623072e+00
2.185950523986376126e+00
-1.154539836606775172e+00
1.303299125489951749e-01
2.610680610679175118e+00
6.587968655315511457e-01
-2.551976591170313391e+00
-1.447612029409672152e+00
2.266667124043018511e+00
5.534951633280317473e+00
-9.273036792050908250e-01
6.304942598100113926e+00
-2.364755571989197946e+00
3.030621302135243944e+00
-4.717681353364090668e+00
7.299767474137772716e-01
3.824751491122392544e+00
-3.288649365085506204e+00
4.678061450462935866e+00
6.847719577799048274e+00
-1.018056720381157021e+00
1.326530230059908444e+00
1.521918163113163969e-01
-1.836334173346962917e-01
-3.281746570348646586e+00
1.935180574200234815e+00
8.091450750214518317e-01
3.433875961735003202e+00
5.755202803608782780e+00
-5.112406782355138013e+00
-9.585420619761442218e-02
2.065580266381541907e+00
-2.305117034423220801e-01
1.313272098326461190e+00
8.185738950229472621e+00
3.639362317904121902e+00
1.781112562836308477e+00
-3.760309987658641440e+00
4.239410828904310868e+00
2.579228591460668962e+00
9.204929418038180211e-01
-6.394446884127400477e-01
-1.325403592195451674e+00
-1.726703079753190151e+00
3.868114480922457687e+00
-4.469722606015831268e+00
-7.107211668129331805e-02
6.891211818944433354e+00
-1.128457024608853221e+00
5.563976492561489628e+00
2.395326206134584801e-01
4.179383945251131216e+00
3.335579739734753524e+00
-7.687098175477391493e-01
-4.604938714711583891e+00
2.876226729661000014e+00
-1.424651710773407354e+00
6.394590207155517625e+00
3.868401454915720628e+00
-8.350386772937776758e-01
7.218911844080162510e+00
3.987925888122196838e+00
-3.202344314649721468e+00
5.407812176480505384e-01
3.755588116690236511e+00
-2.676612240300324963e+00
2.128955361240244315e+00
1.464060141251046998e+00
2.561353946938869086e+00
-3.011575215637567027e+00
2.782609511510627520e-01
6.392392236076980261e-01
-3.909174483886148188e+00
-3.060464345917232265e+00
2.540642340870301830e+00
-6.723670159036921667e+00
-4.175111488823810113e+00
-3.965751497394795599e+00
-2.362264442384292451e+00
-2.999338782781223678e+00
8.215214604862941528e-01
3.896350382259299749e+00
6.149189588043150856e+00
1.161745482926173079e+00
-3.201772501674250648e+00
-5.969422295512884169e+00
-2.014345330874641959e+00
4.301499996672762727e+00
4.717610597109343828e+00
5.166157147404708105e+00
-3.959511539225552212e+00
5.848577096144613741e-01
1.753047627350623694e+00
1.034320706243779142e+01
5.398580309345160089e+00
4.109093315843758809e+00
2.837510319659848790e+00
-1.502587410052814265e+00
4.414133506249229733e+00
2.394568068960536422e+00
1.584257697110125207e+00
6.786293083307235463e+00
-8.918727160845041357e-01
6.298479016066385050e+00
-3.901420639854823236e+00
2.213517590470816643e+00
4.595914077549048571e+00
4.530344939969732088e-01
-4.434265985136266686e+00
6.549860774590887225e+00
-1.009599892723299863e+00
-9.871896526659513782e-01
2.820636709404051423e+00
-1.666152177084366359e+00
3.099637170154878163e+00
5.820086315987300196e+00
2.678620457198792160e+00
-4.340261579740938291e-01
6.037663686957686071e-01
-1.508475794420537364e+00
4.805330765907465107e+00
7.193590246821338630e-01
-2.276983050002951536e+00
-4.200812356432438222e+00
1.969601704442957901e+00
-2.951244742575942936e+00
8.740691361382783242e+00
-9.686347629530581926e+00
6.344127207644621791e+00
-3.633146515812166299e+00
-2.074148517584937679e+00
-1.587116553714220446e+00
-4.359322705090313832e+00
4.073063400568310399e+00
-9.430379386918075202e-01
5.382767311194311954e-01
4.095847599439532138e-01
2.110779378288079045e+00
1.463822301459319464e+00
-3.546016535412279680e+00
-2.294065396084191910e+00
-7.156433587945401076e-01
-3.422249543878852940e+00
-2.624523873641666505e-01
-3.865666229296595979e-01
1.051137273186075305e+00
1.444762066623839214e-01
-7.637830991383869339e-01
-2.229354297098673499e-01
2.241730852494694393e-01
-3.981163808404213356e+00
-2.597056090948195894e+00
2.166768299068550174e+00
4.888221465109276131e+00
-3.399060681200875678e+00
-4.269753009916922082e+00
-7.388381800631461438e+00
7.197637120567783597e+00
-2.347212190318648251e-01
-1.722325523788994284e+00
1.360036582628894264e+00
1.676056021207439795e+00
-2.294449393731224696e+00
4.229809427054543214e+00
2.578009332717839941e-01
-5.341435525256859052e+00
6.615692684263134282e+00
7.145205845395359745e+00
-1.434094968968975037e+00
6.103569976573928191e-01
6.972390690385640966e+00
9.623549352697646775e-01
-3.250241082030298045e+00
-1.351723872237142077e+00
1.025609282792623533e+00
8.620095924868552695e-01
2.176935757971199425e+00
3.138081211624592193e+00
-1.151505407143694271e+01
4.091243154879483868e+00
-7.007442049297134545e-01
1.331849175067939317e+00
-1.414860521903852364e+00
-3.711808819773484203e+00
-3.855700174258256396e+00
-2.211365106943929959e+00
-5.948138046885579122e+00
-5.140967727605266546e+00
-5.323604087263704265e+00
5.853964445073026823e+00
5.116478309211045072e+00
-5.589834484485362687e+00
9.803888945358818496e-02
-4.392032094611412418e+00
3.810247373599223164e-01
3.601249144837372351e-01
1.767949196021436409e+00
4.488577415389137570e+00
1.715047405527542423e+00
8.409296945891737707e+00
3.576091992006757536e+00
-1.694190667945486117e+00
-4.370509943308107381e+00
6.793098663519717695e-01
8.047051269141839214e+00
4.316455279118681432e+00
2.816030469899592603e+00
3.700715569194449550e+00
2.366114649918330315e+00
-1.197568809553829494e-01
8.878724591597368487e+00
1.242514550095729087e+00
-1.608468269375103565e+00
7.361119316428525572e+00
-4.686228170034498763e-01
4.725114578509495900e+00
1.842697640676725923e+00
5.549472291141432478e+00
6.668653799300638063e+00
-6.277914218923268397e-01
5.144160612149786260e+00
9.131109801278380900e-01
-2.974819649018650480e+00
-6.862666218534636542e-01
-2.772384618216233498e+00
2.623411586263101558e+00
-4.571583588853304292e+00
1.207125760923335234e+00
7.263128086824800711e+00
2.114203309002337328e+00
1.602694039172269935e+00
-4.726356526545156811e+00
3.178253643210739554e+00
4.853946679216099902e+00
5.119460721942360237e+00
-8.068634958305411775e-01
3.332301783454634680e+00
4.980501947424388121e+00
-4.358701750804947483e-01
4.003958699024731338e+00
-5.681643952345521775e+00
6.369188403578860402e+00
2.065166133392199121e+00
4.937314875854312390e+00
-2.896935121419169867e+00
1.519724182656174927e+00
6.289976135111220223e+00
2.163748721073454284e+00
6.949265260684413192e+00
-8.774110945491340185e-01
-5.457469415711901917e-03
1.194619014263472279e+00
2.896946864383269649e+00
-3.071511113367527024e+00
3.377026489448753388e-02
2.643815538590127190e+00
1.589850802320208034e+00
4.540029534253076982e+00
8.558012657300640313e+00
2.964443501755125610e+00
-4.834281750557807289e-01
-5.328984097196621583e+00
5.280954729075303611e+00
-3.438687493493135960e+00
3.881511476750513445e+00
2.288541261273071115e+00
5.591921151629296816e+00
2.181864410850753444e+00
2.909632033774422588e+00
3.966752773675717769e+00
-2.731005081022280123e+00
-3.937082057377241817e+00
-1.684543079420239620e+00
1.796586037799336344e+00
2.125870400260354565e+00
3.445669980988914638e+00
3.826046152531120015e+00
-6.377313638784055883e+00
2.570742961767122026e+00
3.730199263390145070e+00
-3.467528556253440808e-01
1.906889638736445347e+00
-2.696303344672449143e+00
4.076661452594368740e+00
2.948361673983670883e+00
-6.224780594235028275e+00
-1.000710764589640256e+00
-2.125706197222214655e+00
-7.238363993257135309e-02
3.885355781737312997e-01
2.250721798096764203e+00
1.002484309850655064e+00
-4.701015174258249552e-01
-3.072129873843200798e+00
3.019283215384887420e+00
1.532540381634444060e+00
3.729752462988413342e+00
2.632195460959424693e+00
8.079224591283830748e+00
-7.672857897480834133e+00
-4.654894183990354595e-01
-4.551712018523597081e+00
6.487916383635227824e+00
-4.526962843757805111e+00
-6.320260251653149197e-01
-1.810665937380530055e+00
5.890150592032348698e+00
4.903327362075119211e+00
1.019217684362095033e+00
1.554360579697540601e+00
8.551065710353705773e-01
-1.834139509928436551e+00
7.234932054494421116e+00
4.125649587071070101e+00
-3.116668334102532079e+00
-5.329018576730147672e+00
2.385612562853776097e+00
-9.594119152455253818e-01
1.449516655487072647e+00
-5.636631830056919590e+00
2.053067999067579752e+00
-7.536061040577051173e-01
-3.189030769195248638e+00
-2.056720902031922371e+00
3.835758206072266141e+00
5.322894407924043669e+00
-2.262568340377983489e+00
4.032584197244654334e+00
8.187582455217023991e-01
2.386675688740156343e+00
-1.014353105220746620e+00
-4.580009602167220528e+00
-3.689442158418144935e+00
5.154802246560148404e+00
-1.553092470973817862e+00
2.023739419123044225e+00
-2.395704418351608744e+00
5.961447899084608260e+00
4.141006118364289001e+00
-9.038674863958340300e-01
4.229280167692392567e+00
6.446482358825609715e+00
1.597225362836669049e+00
4.922443229354283467e+00
-1.074981777325965115e+00
6.541346198809740997e+00
4.844013221901536936e-01
3.798199885115299601e+00
-1.470128957077881049e+00
2.433629765892605157e+00
3.740411565791987858e-01
3.180783557832162600e+00
3.910060725200750653e+00
5.084212001038405759e+00
-4.897681417041686025e+00
-1.279626497371007643e+00
1.356289637995224506e+00
1.320551884310975144e+00
-6.312137898313478601e+00
3.932212940755840380e-01
5.574809217802081385e+00
2.400958798424153606e+00
-2.996434154233982738e+00
3.056356036949037680e+00
-1.133095242523519453e+01
4.922653343937774650e+00
5.025434095927359124e+00
2.169054192971183070e+00
-5.516163906649891313e-01
-1.480869245805437773e+00
5.979066586472514544e+00
-3.062023558144407964e+00
1.957580568665751253e+00
2.684676527643436117e+00
2.052954572433945302e+00
6.296841868075695459e-01
4.721080381040502871e+00
9.151903086430949186e-01
8.279946578189649742e+00
-1.575632372204694542e+00
-2.626514465289371270e-01
5.020175876930055736e+00
-1.268362931533299820e+00
-1.906090164207874027e+00
-4.271323073392665481e-01
1.075932129595126296e+00
4.353943495713021861e+00
-7.940379150286902554e-01
1.037674857633349745e+01
-1.082606775879078942e+00
4.684054786109655311e+00
-6.818344589357629992e-01
3.205512895247328409e+00
-1.161416445513453688e+00
2.270991093697264596e+00
3.682896325831516826e+00
5.438541560839387223e-01
1.465570441691532277e+00
-2.819594486624458440e+00
-9.840269749482262185e-01
5.061355682831125691e+00
8.085055433203221398e+00
6.538076995011428139e-01
1.013893732394782887e+01
1.240986493645103161e+00
5.275716532905050826e+00
4.063544160664964267e+00
6.194640344580060187e-01
3.428669326658941863e+00
3.158348591008256712e+00
6.192912810215212893e+00
-3.420113200792289199e+00
-8.204572458388610379e-01
3.579058033773057090e+00
9.367602207728351615e+00
-5.767182957754997119e-01
1.847035111650558781e+00
3.057246355697467166e+00
1.931275754959943525e+00
-4.266648421849824402e+00
-2.339366568769111865e+00
4.232476460095980109e+00
2.363881604968304240e-01
4.027690411882222321e+00
-1.871664229352714814e+00
-2.490904989582902296e+00
-6.635597180597918587e-01
2.552629600715517810e+00
1.327673742966720916e+00
2.360249777646478364e+00
7.119471929019541179e+00
-1.139558463458103521e-01
-9.694960275413704309e-01
4.311361255699672768e+00
-4.096887693166024746e-01
-6.550723402507114379e+00
-2.738628259333297343e+00
6.085265860410086880e+00
-8.659010101446122931e+00
-4.842575875466417212e-01
-1.237929980633228455e+00
2.486574901146275884e+00
-1.097683744605331801e+00
2.083091395081969388e+00
9.322827350005473690e-01
7.540028938772304068e-01
-2.638150047854159741e-02
-1.967092453837755661e+00
3.349503592159266852e+00
2.847370313168380740e+00
9.374733908668091420e-01
2.740383914172395130e-01
7.681360442465529736e+00
4.626097522564168507e+00
-2.182475188888949091e+00
-1.821644040175069312e+00
1.108966000963808263e+00
-1.315506730801349056e+00
1.144750949542122642e+00
3.993723702521428720e+00
-1.309842665529056260e+00
-6.940556060771494451e-01
4.280549772762951011e-01
5.169596154411015831e-01
4.661379765515898943e-01
7.892000761750052051e-01
1.229717079288231707e+00
1.144243091859878270e+00
-3.381394889883428512e+00
-3.521902060219025188e+00
5.736952759720793438e+00
6.263086643855606539e-01
-1.546481513392909735e+00
2.343452422163593063e+00
2.739429360326572471e+00
3.877973650319765042e+00
-1.689733317375108346e-01
-2.614344322669359677e+00
-1.276129343951601269e+00
2.932838285200505268e+00
-1.754833422759620731e-01
-2.657813849446203136e+00
1.191334212284229643e+00
-1.024536028522432529e+00
-1.833720234213828570e+00
-6.771290947109513958e+00
2.901162485745290454e+00
-5.983298475739220468e-01
2.605392036492013563e+00
-5.455661897762198009e+00
4.498629503760167125e+00
3.971192197119748357e+00
1.684764180974701597e-01
2.012866130144593591e+00
2.935088112005637129e+00
-6.579233847148111103e+00
-1.465320526682060587e+00
5.202627942372095582e-02
-2.292821768617164579e+00
-8.429403681503773171e+00
1.930675284747403797e+00
-4.195372887950763463e-01
5.363865588450690502e+00
2.378150872119380921e+00
9.020077289494462747e+00
3.126784611342100284e+00
5.491768085974549907e-01
2.176054234321421754e-01
-1.176323274746355230e+00
-9.386535612491220704e+00
1.486893404196531598e+00
-3.929538988777044217e+00
2.950576435354450133e+00
-5.795634645024028142e-02
3.897577423910117744e+00
-5.678889451988222703e-01
-5.668140364390865660e-01
8.322426979962570526e-01
7.045489813549401514e-01
3.143126559456922986e-01
-8.570831448668907449e-01
3.365828658409320440e+00
-9.292383683362537283e+00
2.182542026773425015e+00
-9.394199483586258559e-01
9.371618837366941790e+00
-7.232052819049410441e-01
4.026540703524260856e+00
-6.135781165594967668e+00
3.548907077506596508e+00
3.062487472007305200e+00
1.453393224138940898e+00
4.469976183604822406e-01
-3.108151793162741150e-01
1.470523201686605441e-01
3.104474445693405915e-02
-6.782111341054908316e-02
-4.586128880585079948e+00
9.733312270346756723e-01
-2.095170576543921470e+00
4.099177023545664156e+00
-7.467735928036918658e+00
1.007410278053153085e+00
4.760519219550437775e+00
-5.104423096168277940e-01
1.108557770185780944e+00
-3.792020754917428071e+00
4.825975055368804334e+00
5.841869591980315413e-01
-7.657745230265201819e+00
-8.218464584437334963e-01
-3.337200295158895713e+00
2.076650868745433698e+00
-1.084788434320449024e+00
1.379375860148086996e+00
4.945066249064297814e+00
5.263807751101772237e-01
1.999884819812348891e+00
-4.060086841271696834e+00
1.533502924280864210e+00
4.280742636776413867e+00
-8.388171858948947346e-01
1.178796220586492360e+00
4.449974409634108063e+00
1.969915915137478546e+00
-4.519748035322468382e+00
6.153096668302477035e+00
1.103361392669068941e+01
7.379934452377264087e+00
-3.174395013252970799e-01
2.577224906161843521e+00
-6.377774399262829963e-01
3.848729867636789592e+00
4.596649933028844615e+00
-5.378456885828797329e-01
1.665909020874177582e+00
-7.274973821580679179e-01
6.356960699434629269e+00
5.222734114695979812e+00
-3.118565497308665613e+00
-2.010263240665189244e+00
-1.698173504961439706e+00
3.262175309630435116e+00
1.417630728804857743e+00
4.323502401646632798e+00
4.678975985928739867e+00
-2.405600730137973819e+00
4.623606024556337069e+00
-2.751877606262790543e+00
2.395900191308080629e+00
-1.183625247719588769e+00
3.723106686309702873e+00
2.295991580921945996e+00
5.435627877137902075e+00
4.212221199744269562e+00
-8.022675547585547129e-01
1.646245123850648362e+00
-4.260548164575757468e+00
-3.531254776033390108e+00
-3.380611240690256647e-01
2.750456217384516400e+00
-4.324305829058398665e+00
-1.078547064719805881e-01
6.476211750272417689e+00
4.212386482425901413e+00
2.688418982313949268e+00
-1.167737475161325644e-01
4.764420734204671604e+00
2.031196476669253848e+00
3.980411659806772917e+00
4.499848004727810213e+00
-4.916908298858128745e+00
7.072850412796399588e+00
1.334015805822015732e+00
-5.352559884290317704e-01
-5.677533423249973232e+00
-9.359487349965034397e-02
-2.189601494181807162e+00
-2.772115267830277396e-01
5.418750473391047429e+00
-7.571279997946340323e+00
3.928160468748981948e+00
-3.156872357268616369e+00
-2.421755125563969102e+00
5.829934552654112423e+00
2.124979400339767288e+00
-7.133224161366269467e-01
2.706646468261634908e+00
1.547459949212899755e+00
2.187855288209996640e+00
4.755763089072192251e+00
-2.513524160327630597e+00
3.746519470496496140e+00
-3.265277511762733731e+00
2.220442597787077865e+00
2.473687747105028478e+00
-4.721595639419489121e-01
-2.432540447134227790e+00
2.818549116330181903e+00
2.300966311583863888e+00
1.554040896491312385e+00
5.078072184368123132e+00
-2.794052187349914895e+00
-1.008404199781279376e+00
2.428091315308662956e+00
2.694983615058589521e+00
-4.926825556957830088e+00
1.175926788999962724e+00
-2.259546834638249457e+00
7.066627353564911118e+00
-3.336232450068102651e+00
-6.571510115492320558e+00
-5.687454225214243486e-01
8.070714822070142347e+00
-1.127464353495357008e+00
2.250993442155789115e+00
1.867223790431765229e+00
8.069474322826870605e+00
-6.064232450868386692e+00
4.722260087527239136e+00
1.938422635182828424e+00
-1.126915462960776715e+00
7.099022288707037553e+00
-4.346572362207504092e+00
-1.362683374130337688e+00
-2.662869672545596700e+00
1.011202177471773656e+00
-1.084548644587335797e+00
7.726750607588169784e-01
5.031341664053054608e+00
-6.209546470666129636e-01
7.044398102222158009e-01
-1.155975815459638456e+00
-1.802475535970170517e+00
3.469024452653865609e+00
-4.892186818815994265e+00
2.325372069063548208e-01
4.040346386619902752e+00
2.692639011926225567e+00
-1.455241832363700416e+00
2.941915369970043770e+00
2.843020271391674569e+00
3.393757244461410583e-01
8.212475432525355501e+00
-4.088963444008038017e-01
4.864152697708325590e+00
6.972818326352289153e-01
-2.322536074175261867e+00
8.644137633193330617e-01
3.265934290738967682e+00
1.642034275353274175e+00
-5.611408867689580582e+00
-4.162457260363332523e+00
-1.422748349528758949e+00
2.226918899942339714e+00
-1.992012021730360294e+00
3.179627140115741213e+00
-1.378796301271501212e+00
-4.207922748538919677e+00
8.575849172828954536e+00
2.700514122061363320e+00
2.971171305208126334e+00
6.634058855555059253e+00
-2.513224036387729399e+00
3.797503406493293099e+00
-2.594247917026566874e+00
4.459082099753960970e-01
-2.861922428376816541e+00
3.510196520914948826e-01
1.496540257373663474e+00
1.552980521240404865e+00
-3.120015599344194701e-01
1.232272903381919527e+00
5.899398869792801259e-01
7.301810983445589542e+00
8.540399641891696092e-01
2.657187370408355953e+00
7.514558687660728431e+00
2.359104208592534668e+00
1.716108839212431736e+00
3.181973931744682460e+00
-5.663178411486152086e+00
-5.036654628812782697e+00
-3.487100417216353776e+00
1.200789304924504863e+00
4.445362251035658296e+00
-2.102262675109061618e+00
3.491974343595597219e+00
-7.764426420332243062e+00
5.668661522511086126e+00
1.108047086039713136e+00
-6.559743072829593569e-01
4.260962252008156703e+00
-3.050190785784612224e+00
3.325734367106642608e+00
3.259986259935589104e+00
-1.942533186653925492e+00
-2.304463369493653602e+00
-8.580389284661880112e-01
-3.734757878910097695e+00
-1.062932578897940905e+00
5.067697783527599142e+00
-5.624004504411139749e+00
2.476493260302228272e-01
7.610333548760136457e-01
5.298486328597179273e+00
2.781286460627256041e+00
-5.610921659127048322e+00
3.529922432839271096e+00
3.426556124131667325e+00
-9.904663602331997829e-01
1.940994659935776134e+00
-2.610244016747176765e+00
4.655622135553609819e-01
-4.117114982788652178e-01
-2.240318260632306213e+00
-6.833732513886505266e+00
-4.484935443037799452e+00
2.376633226277271582e+00
-1.584721382202117779e-01
3.619271037500999988e+00
2.815637508199749561e+00
-2.720592805758588639e+00
-4.661429196657064011e+00
1.250307962015993368e+01
-4.605956017989614182e-01
-1.281320792186718238e+00
1.784198173884802063e+00
-2.074500521569524025e+00
-3.944896493600325016e+00
-3.668391887882680447e-01
2.991479978001957418e-01
1.456465188604355365e+00
1.070697914625108327e+00
-2.822582466423748215e+00
2.757036578702000362e+00
2.395455148474142648e-01
-6.862604011446411523e-01
7.131463087873906481e+00
5.182349166922559647e+00
6.883805524134516851e+00
-5.125030362283695240e+00
2.371642345522936957e+00
-4.290701570851382485e+00
-6.837885711388221210e+00
-3.625518213227374886e+00
4.937963408909491925e+00
1.441221173466433081e+00
3.380923510584818104e+00
8.262368700386435449e-01
-3.167294933777053956e+00
-6.383992248416554993e+00
1.868118313534229635e+00
6.970138722454195523e-01
-2.414405101329179182e+00
-4.290148674763755388e+00
4.579162817501992500e+00
1.205130503625633231e+00
-8.355305037779474642e-01
-2.936432472420524853e-01
-2.191612175230989834e+00
8.528780885745737006e-01
6.004555226307354943e+00
-1.038411573478034144e+00
-7.256372048113104434e-01
1.984665680286344491e+00
8.066713817164464118e+00
1.105233437837030053e+01
-2.854921848170028476e+00
2.496588432578881189e+00
1.451926437451851903e+00
1.285030106684300621e+00
2.490740779348622702e+00
-1.306354543687518577e+00
4.727333879809008099e-01
-5.828689117718980128e+00
7.827015148986193882e-02
1.818804825670985226e+00
-1.401416378511487926e+00
3.357502391892170479e+00
6.320374224577868461e+00
2.025592223651869972e+00
-7.386786431032017042e+00
6.951493808998693069e+00
1.499226372289705678e+00
-1.477285225929218404e+00
5.472672047623227121e-01
-6.714781704800089734e+00
5.066585986547114118e+00
4.294376740515494895e+00
4.386502985060736215e+00
1.706371968171052078e+00
2.324910453796780629e+00
-3.869492894538564265e+00
3.999120242778035461e+00
-9.948795608198770513e-01
-6.673645762969907302e+00
3.245434222332778340e+00
5.402672687127021423e-01
5.791051448778375743e+00
4.167731435821185215e+00
1.847919991425503339e+00
5.010302013672961685e+00
3.258878904270070542e+00
5.781892535588727178e+00
2.444123344282789212e+00
4.662287832128539478e+00
3.771209999557438408e+00
6.338152223709975219e-01
2.563949666916497172e+00
-2.097017684726198539e+00
2.170639223230660164e+00
-2.523937710665500322e-01
3.939532195562181482e-01
-1.867530864161870641e+00
-2.119667995801872706e+00
2.072706673857824367e+00
9.222897357794587192e-01
9.002039692446808239e-01
1.977182384058301379e+00
3.656644855615761358e+00
1.796443122425366745e+00
5.353379388857921750e-01
-1.217138638645626658e+00
4.244632808804766455e+00
-6.328067898325321572e+00
3.683767068974787229e+00
9.553052667291368039e+00
5.121606012666935825e+00
3.209951925983781429e+00
8.783598360064942545e-01
3.543520292000837735e+00
1.260743978779056640e+00
-6.003549875515462375e+00
-1.991086625357736617e+00
-2.807662723975391295e+00
2.293534669764054623e+00
-2.895918048578954185e+00
1.265363517400543980e+00
3.927522815094195430e+00
-3.005738649962752973e+00
4.837352008237272294e+00
-1.160942153672016364e+00
3.398397115109023758e+00
-3.384221636334482142e+00
2.534367619834327456e+00
9.781533340407748689e-01
-2.612019666287896946e+00
-4.647244090186413601e+00
2.759776354812955468e+00
1.512587248052302380e+00
-3.921593267173770769e-01
1.439684775266787842e+00
-2.436529104158036141e+00
1.185552264009204881e+00
-1.004396629509145544e+00
3.182097435634808846e+00
-4.939199161318730269e+00
6.463883203713109538e+00
6.872408705080109925e+00
6.265114680098275102e+00
2.076855806954618799e+00
-2.446683919615939562e-01
-1.271348556547099440e-01
-3.922578507032213224e+00
2.373568267462043746e+00
-4.444200737391307499e+00
1.169187330729823948e+00
7.063087763281050702e-01
2.656569230320970920e-01
-2.503960278834209685e-01
6.856066209799937639e+00
3.890920997354852418e+00
-3.624545686332590222e+00
4.195849841558087157e+00
2.700090392351461865e-02
5.055324660848148355e+00
-1.926332419521376016e-01
3.492920035679305535e+00
1.255699764393063633e+00
-1.476748458966473665e+00
4.094624300064420019e+00
1.852242162285527849e+00
4.485211114947339262e+00
9.705559824443052985e-01
-2.578111910124235351e+00
1.850125933781358478e+00
-6.492892499662302086e+00
2.909505681601142868e+00
-4.999507117748600571e+00
2.312613791606897173e+00
3.749763893424068684e+00
1.302396501983239752e+00
6.547395902042735472e+00
8.636557282117948375e+00
1.418924003543022394e+00
5.110992131847398312e+00
3.311086857787284288e+00
1.616261518197311453e+00
-8.735654389197204939e-01
2.042779490608638282e-01
-5.178862980318074349e+00
-2.350058622834850119e+00
-4.656925972831717608e+00
4.143496911657821968e+00
4.015229938660414000e+00
-3.471188554028588946e+00
4.296052570396986070e+00
-5.900830341727205663e+00
-1.702423375721163312e+00
2.093506040613474006e+00
4.062110866081553695e+00
4.840804316566494236e+00
-2.614060160826491064e+00
5.938247767364162044e-01
-3.132999935206416176e+00
6.374329706843535170e+00
-4.253369562907576729e+00
-1.474451279512941637e+00
-8.502489175198004734e-01
-2.037209346783977360e+00
6.814423938864251795e+00
1.074875829099754876e+00
-7.562999579765546265e+00
-4.854774602580734566e+00
-3.161106017337976581e+00
7.091235565584474987e-01
2.571919185311575706e+00
-3.586457026854747099e+00
-2.867588171965659072e+00
-6.347248056943750605e-01
2.115240899683002773e+00
5.828421723171460123e+00
5.570080423432364647e+00
-2.070400083179492867e+00
3.181757896879436665e+00
8.323447910787107329e-01
1.124261203516004670e+00
3.353833963332347068e+00
-1.696724580350747802e+00
2.181117783869440441e+00
-3.510677070675458644e+00
-2.561903183428545283e+00
2.101952418636019004e+00
-5.276619592765829925e-01
3.288616639251077167e+00
9.662547186204096805e-01
-2.957066760739508027e+00
1.195877913793385483e+00
-3.565150868067862966e+00
3.661697249727401626e+00
-3.604802681682863774e-01
-1.739093986354849575e+00
3.730300641939440887e+00
5.346743197188689400e+00
3.029567008412285212e+00
1.607839765154903899e+00
3.009802793822429656e+00
-3.246550249775631336e+00
-1.613218378792904195e+00
-6.228756355661362321e+00
-1.003014733145729487e+01
-4.855926500682209657e+00
7.634190746107965886e+00
5.282400478371259034e+00
-1.354974436688537454e-01
-5.021892533980872209e+00
-1.458745886424908322e+00
1.566554959744580922e+00
4.467532376905549718e+00
2.654257870700961419e+00
-1.316348033659351602e+00
-1.809229018277148215e+00
8.169212057066145283e-01
6.371620516943714563e+00
3.696008745722116906e+00
-9.263430509686616521e-01
-2.413144799515502648e+00
8.765705463187083435e-01
-4.712970864817794592e+00
-2.722137931504154729e+00
8.697788798090845264e-01
3.189840274653355401e+00
-1.184534710766645738e+00
3.081503840581457432e+00
2.465073750330583291e+00
6.475253426870821727e-01
2.960698526953264853e-02
-1.985670292002130743e-01
2.874899455717936370e+00
2.937930441691793071e+00
-3.821599992245955590e+00
-1.863002418344453348e+00
4.109109996527672060e+00
9.203131121051207897e-01
3.080725201055339868e-01
2.902075652364337621e-01
5.377949430682313015e+00
-3.156354434508274132e+00
2.741818591483523804e+00
1.137146720795107591e+00
-1.580703844083548804e+00
-4.890865310019133716e+00
2.977548891931207642e+00
3.135799305792741798e+00
-1.028985865707404690e+00
1.074892307715693773e+00
-4.485265645320784422e+00
1.564596398139316502e+00
-2.781110879030277871e+00
2.176920435423927991e-01
-3.074781443422753391e+00
1.000585745424716855e+01
1.687407971939419049e+00
-4.690238189557905280e+00
-5.533412126417251997e+00
-4.597672076496278848e+00
-6.894168753840236974e+00
6.622317006123528138e-01
3.165829863720782456e+00
5.822932658686208462e+00
-2.685697977316322316e+00
3.244072131930473724e+00
-4.187028887887263018e-01
8.329353230089280302e+00
-3.850773975927260118e+00
-1.182550103686887955e+00
1.400832851617000774e+00
3.630815949363567441e+00
3.850763367278413618e+00
6.808939101070781597e+00
-1.992190211035801406e+00
5.108992877114391540e+00
2.655461458224445126e-01
1.306768392026695480e+00
-1.072326273350470149e+00
-1.447784569543827837e+00
1.087570263771797663e+00
9.239605019259877761e-01
2.259188940370381316e-01
-3.007838628161985994e+00
-5.114077533252369356e+00
-6.000497752262293538e+00
4.369403324304021119e+00
1.571188738182204281e-01
1.267838083106689551e+00
2.965502274403383431e+00
-7.207614012704837148e-01
2.804466694326400500e+00
2.987824448808902744e+00
-4.268657776550181637e+00
1.520789141377283826e+00
-2.222027012829149939e+00
7.563156113701115402e+00
4.081180744299092389e+00
2.038811245693637808e+00
3.042926918645255108e-01
-1.929790690874068071e+00
1.124350401860615278e+01
4.032847951096370842e+00
-3.334348719394708560e+00
-3.119009238156214892e+00
1.798275827036428742e+00
6.527438737933473512e+00
-4.250554666915093982e+00
1.329086551994786980e+00
-1.138809674960601592e+00
5.889700223911066956e+00
1.569282715424252572e+00
2.742603646711496701e+00
2.718283071753607505e+00
-6.200863892587611392e-01
2.324294679686147447e-01
3.912910492530926376e+00
3.038220921691440424e+00
4.697739680412165164e+00
6.257486312243218052e+00
1.899465092112036624e+00
-1.050984885033686922e+00
1.869958828359609804e+00
-4.017558070068346865e+00
4.228071008390757335e+00
4.703757876752141520e+00
-4.943816044491863515e+00
8.185842942291149171e+00
-8.015875628786206519e-01
1.641512802003963767e-02
-5.192057907873465439e+00
3.325066218183504674e+00
3.801237738637827657e-01
-6.006266168516416037e+00
8.951221793590626863e-01
2.743283836098754591e+00
1.106680671751619993e+00
4.056839650672625197e+00
1.153841453771885961e+00
-4.945260788771577154e-01
2.073744591373967605e+00
1.313372637441409863e+00
-3.000444531818181382e+00
5.051909534994085682e+00
4.939753439810537827e+00
-5.448005151036150462e-02
5.512081552299071596e+00
4.289546246736261281e+00
5.806902638610137446e-01
2.929498632724586216e+00
1.103007325665774196e+00
6.750287091121131011e-01
-1.137270443554436072e+00
-1.318001673212993330e+00
-3.319788048957857285e+00
-6.630779953011725070e-01
2.616692487949812573e+00
3.173428374222247328e+00
-2.792198895813696069e+00
3.497109046636781571e+00
1.835404658373362974e+00
-4.081217356043645772e+00
-2.321026372077610311e-01
3.406906235967407603e+00
1.826120633516004732e+00
-1.443376817339191431e-01
-1.362942120232372600e+00
-2.170695519991298283e+00
5.002466859984724401e+00
1.002520803618958123e+00
-1.833331730340864274e+00
-1.604068009909774384e+00
2.648448277679660290e-01
-2.769498032120687903e+00
-1.783351645051610701e+00
7.384937032152314451e+00
-4.126860677189850612e+00
3.149985939549012848e+00
4.224052884675474573e+00
3.460832920899831744e-01
3.275670474737531812e+00
6.727439221777297140e-01
6.704389506858481340e-01
-2.585178629140433948e+00
-4.115892353826057004e+00
-6.651934081001571464e-01
7.823900171517083280e+00
2.319931274974072366e+00
7.258380775542538910e-01
2.505155273309103592e+00
1.761323406104839284e+00
-2.009896307865819409e+00
-5.698280492148803056e+00
-3.811395070906724136e+00
-6.489264493794664190e-01
2.174423355771361699e+00
1.343923756717994689e+00
7.503706163932296391e+00
7.454809754529286181e+00
3.044334231130272905e-01
5.278206178207740074e+00
-1.305144745700191899e+00
-3.752650451973789103e+00
4.801335067300608550e+00
8.964387621400152772e-01
1.105061247343239073e+00
5.026872178185737283e-02
-2.143285353376276348e-01
2.592931202915463196e+00
1.806214481249210024e+00
8.586330648073404959e+00
1.664336068072510777e+00
7.981641294042222112e-01
5.347299263220528509e+00
-2.722462003299588318e+00
-3.356508051851527785e-01
-4.032479373362776620e+00
2.715556202935679453e-01
7.957974625792196832e-01
-5.968246276969721986e-01
3.933513535579057141e+00
-1.629758109670303545e+00
-5.216377592923909567e+00
-7.414755524304216472e+00
-1.709976200066032126e+00
-5.565528832931740943e-01
4.101089625685566453e+00
4.400828439749103538e+00
1.668294878519396729e+00
4.711397784257261301e-01
3.082160871305929639e+00
1.472235439568356785e-01
-1.562574902492863904e+00
3.367845303636294751e+00
6.849439804227446693e+00
-1.287201562734258564e+00
2.883212814069191055e+00
4.470294382669853794e-01
1.759136064727502280e-01
4.199856508709061131e+00
-1.337442800427050882e+00
1.856120169418724819e+00
6.018095580366010777e-01
5.463971240042595490e+00
2.157343076398867243e+00
3.927077088386882409e+00
2.156883268545501942e+00
1.001948933609190284e+01
3.330090611518831345e+00
-5.231686035609890428e-01
4.172753470770325657e-01
7.701133183026627194e+00
-9.488828784602109323e+00
1.701545915003162435e+00
2.372087944258891135e+00
7.524507681743517473e-01
3.896425699827918421e-01
2.849004115267772974e+00
2.523389014692713594e+00
-8.396135482975630726e-01
-1.054175827240946495e+00
4.499092365477006972e+00
3.223730049989386615e+00
-8.333424572759673410e-01
-2.434662365803951012e+00
-1.271736808760448367e+00
-3.689443862950967379e+00
3.539021061016639713e+00
4.325014672969040852e+00
2.628062194451905143e+00
1.192553005896678675e+00
-7.890615773443317771e+00
7.119401486132121093e+00
2.017330475559198977e+00
-1.356301616415856115e+00
1.109923881781289756e+00
9.064643152722119401e-01
-3.626981497248388919e+00
5.034597740423070178e+00
1.981847399638331009e+00
8.864388924939021752e-01
-7.980995126372625315e-03
-4.201682892501085398e+00
-6.477643631134996305e+00
1.230102488562645924e+00
2.697388472388764225e+00
1.669098662890143858e-01
1.984370622755020852e+00
3.214873117590522078e+00
1.124059832420298832e+00
5.067510381973087341e+00
2.099461378366896280e+00
3.917968239656563156e+00
1.086779202807932831e+00
-1.215932294341316000e+00
1.896656983859519752e+00
3.475133300936477987e+00
-2.594012009983186040e+00
-2.732682656805578425e-01
3.821936408249547057e+00
5.300924025397301120e-01
-4.754905997192595546e-01
7.839382809071326896e-01
-3.814556527473278003e+00
-5.898445835289678918e+00
2.400085499363910024e+00
8.873819732815102501e-02
-5.891179703063353923e-02
3.366559398247776613e+00
-4.625179552787869852e+00
7.763031471032574293e-01
1.864312323108996639e+00
-2.731919272868125859e+00
6.679896347655006617e-01
2.975686788695078633e+00
-7.428219164059933100e+00
-4.000762944095106022e+00
2.353723324789769755e+00
1.119301771930759859e+00
8.038518696238368122e-01
3.407926377437280330e+00
6.844437330736887759e-01
4.836167259560505194e+00
2.346757523917016641e+00
5.964760942065848504e+00
4.503718625389342978e-01
5.087281178458704645e-01
1.981341587804230864e+00
-9.513552556968862817e+00
4.644653017664954753e+00
2.258938182905383840e+00
4.436437443701103378e-01
1.705856759919361476e+00
4.847472032971861466e+00
-3.278341267018816119e+00
4.494276353501339472e+00
3.153059604089292201e+00
1.697980765740741749e+00
-3.416210570045500106e+00
3.174443035793131251e+00
-4.230783519449083485e+00
6.476322567444003475e+00
-8.854358544071070369e-01
1.781601480264195514e+00
6.163171435190180958e+00
1.113582230161133069e+01
6.675962811043200773e+00
9.362703943682772589e+00
-3.057365813407401767e+00
2.414988550685760460e-01
-2.714524343190303224e-01
-1.008720744549118420e+00
2.853868656125577274e+00
-2.415734046603808416e+00
-8.569478213003769440e-01
-8.635311897159938965e+00
4.838049223938008403e+00
1.755093848883254593e+00
1.659206631794074571e+00
6.428798684140014652e-01
5.478674613911183044e+00
-3.802923212870992220e-01
3.229341406891418131e+00
-9.491943508534423923e-01
-2.012628382273350169e+00
-1.180464729396045076e+00
4.925662825864796091e+00
-1.521126727988042715e+00
5.730330712418353123e+00
-4.470075025464650409e-01
-2.119834445146407731e+00
1.579727119534555690e+00
-2.223495288189074159e+00
3.056474110013046364e+00
1.789054298679336075e+00
-8.266315587114849706e-01
2.692499401494182543e+00
2.247363853974071013e+00
1.240370490486741639e+00
3.997604258334306770e+00
-1.989403258784159467e+00
8.230677520200728736e+00
3.848572338397709958e-01
7.410238745091206614e-01
-9.599184649893308663e-01
2.365914192309231723e+00
-3.456752048682403711e+00
8.959949394260206645e+00
5.072785475756971252e+00
7.687243084823473183e+00
1.591239725378478909e+00
-2.682604956367130811e+00
7.513777601025816821e+00
-4.127428550073748426e-01
-2.523076422631902460e+00
-2.475881014029817528e+00
4.292687140042234617e+00
2.106824680700817076e+00
5.425954670278373193e+00
4.662719645619799458e+00
-2.642438556123385851e+00
1.223318069883055470e+00
1.395910493953161469e+00
3.483552853531826088e+00
3.678305455280217906e+00
2.840140225898093007e+00
1.667241219709288069e+00
2.423074873080866443e+00
-7.702405371015732527e-01
-1.359685673974764031e+00
-3.136369975637131269e+00
4.998042432718143857e+00
8.032262203905504716e-01
-6.869589479386049025e-01
6.318991521803668521e-01
-3.373947052253083445e-01
5.179297090274584292e+00
4.635672354276964668e+00
9.308893515932513685e-01
-5.351879755819941131e+00
-9.524846046683035361e-01
5.653525317940832906e+00
-3.619973059558121431e-01
2.020099426047787361e+00
3.898239411791038833e+00
2.565280944601079582e+00
4.778649047363532354e-01
3.229136776252432561e+00
6.836358392842392107e+00
-1.069165261040577075e+00
2.114224058765554304e+00
2.464276504519334665e+00
-6.864541784212051745e+00
2.934997309384844710e-01
-6.375871881673131902e-01
6.408149098498448382e+00
-1.374919761258478035e+00
5.827582105035242321e+00
-3.425975266143637121e+00
2.013338792010529232e+00
2.511127401566329631e+00
-1.221881775833265182e+00
-2.556396171342594670e+00
3.806442191975028422e+00
2.599524922118288117e+00
-3.543025308859724554e+00
-4.935063365761258591e-01
9.796608636463086661e-01
2.808317233145781522e+00
2.416286547249190342e+00
1.013701777070348875e+01
-9.053503011823116342e-02
-5.140759940556087759e-01
-6.125551805421065588e-01
6.874238095778527624e-01
-2.616987691537485006e+00
-2.199605605089159255e+00
-6.545487741156998940e-01
-4.523282192508278676e+00
-5.603254238808289323e+00
-2.072163130781990326e+00
3.994130957454227193e+00
-4.524688306286883233e+00
-2.034212884424339229e+00
-3.548637840010107958e+00
-2.106563767775535112e+00
-1.525740628006947430e+00
-4.701202330551777386e+00
5.205121747488984596e+00
-2.833155961576541593e+00
-4.632158719529705593e+00
1.205782950371518059e+00
1.794418187839196710e+00
5.360040825645218554e+00
-5.436947051708182599e+00
1.696266610100831684e+00
-2.697926016364565527e+00
-7.115829759212997097e-01
-3.146210441051445095e+00
1.830379135361292153e+00
-1.320502534945277029e-01
9.200928430242036882e+00
4.094879595305578768e+00
-4.302073812689460652e+00
-7.549346119217297257e-01
2.239418715682062189e+00
5.514638950155521080e+00
1.237257948359846482e+00
6.655148485090943034e+00
-2.367727319114830031e+00
-2.166927327220246724e+00
1.351128364629557765e+00
-1.956155364085497395e+00
1.508178975509049780e+00
-5.235579622250235765e+00
3.361863799373305817e+00
-1.712888967075030022e+00
5.338136753697448889e+00
-1.541597184346464422e+00
2.516117718210703735e+00
-9.075932090122349472e-01
3.076306538111697186e+00
-4.234773255715071905e-01
4.427903121740659032e+00
4.513101566619971972e-01
4.559988532722558219e+00
-1.085186125498129206e+00
-2.776379340463468459e+00
1.439770681316701939e+00
6.148630529146840829e+00
2.812290497387124333e+00
-1.818063820265043207e+00
4.119549479379826629e+00
2.967810737070409211e+00
1.121470829932342372e+00
1.573198414454531235e+00
-3.769767329469198458e+00
-1.058056378653731144e-01
6.408899947284879772e+00
1.902903479286535582e+00
-5.066447374836505979e+00
2.948268709810571764e+00
-4.969449103095122666e+00
1.052131925115482147e+00
-5.243299824001054432e+00
6.599007185093091366e+00
-2.277497534820438041e+00
3.734544503929393855e+00
1.468616639065534191e-02
-2.489062841213822708e-01
8.439498552787927377e-02
-7.631302824838411603e+00
5.102958381388799758e+00
3.659536834375891057e-01
1.531294211131048133e+00
2.286963258007841837e+00
-3.896624702418389763e-01
2.375753568841514340e+00
3.463138652885241697e+00
1.775333964172974843e-01
-3.625700078841019192e+00
-7.509887924964071537e-01
4.164515699273365179e+00
-2.677365866734584543e+00
-8.050529121482956629e-01
3.692062691224100135e+00
2.002230595057908680e+00
-1.342808721858059551e+00
2.875021357364301977e+00
5.642882259344506046e+00
-2.094050850261397478e+00
-4.546384671842329084e+00
-1.272077069513177561e+00
-2.209581743621917838e+00
7.377328498627039544e+00
-1.900486964432120951e+00
-2.046834950558294786e+00
1.830912163714076391e+00
7.222328409478688371e+00
4.169714066012143228e+00
-5.589501657161250137e+00
8.914929072836075274e-02
1.400654851394820266e+00
4.905428311349065318e+00
9.013333257948485944e-01
2.154662300196979352e+00
1.943470387344876649e+00
1.439153708096494899e+00
1.691103781920474614e+00
4.433675891644145217e+00
1.075256016505259815e+00
4.996913859707734495e+00
9.027628151035756332e+00
6.848462904209833280e-01
5.336125904530297781e-02
1.662433638803967551e+00
3.607828766662831477e+00
2.608747452445687287e+00
1.099313198545036618e+00
-1.845250392946295781e+00
-4.613432714459935191e-01
-9.259549084675382957e+00
5.704508100410161653e+00
-4.693623210406459023e-01
4.543587187359741542e+00
-2.579211966944840562e+00
-8.225988236248413799e+00
2.548269274145013696e+00
3.893265913407165435e+00
4.701008510655975137e+00
-2.950431047084140168e+00
2.745895746111330027e+00
-3.711970721531110406e-01
-1.568114546115459751e+00
-5.398461207471384249e+00
7.794346961335715029e+00
-2.453224742392107416e+00
2.917007381532650712e+00
-1.395421426891340522e+00
3.176148519646915247e+00
-4.531488508779863089e+00
1.165314205147661042e+00
-2.184001526818220462e+00
-3.321281712060444313e+00
5.773846774657080516e+00
-2.867311490866801371e+00
1.630423858176159424e+00
6.209087236110141461e+00
-2.161410187890424162e+00
3.849768288132275451e+00
1.117227040782705494e+01
2.212490041080683589e+00
3.458652851737604728e+00
2.300485667228744369e+00
6.159168021868774545e+00
-8.119796993860297629e-01
1.273181258021338191e+00
4.005814942871019468e+00
-6.595177669955009314e+00
-6.544278694400065266e-01
2.307380745055130244e+00
3.340798352745024680e+00
8.297223101344673779e+00
6.946687048510040263e+00
-4.202163594900079957e+00
-4.251335952200934187e-01
5.585367108747093745e+00
4.009108822086777657e+00
5.435798427928948406e+00
1.300681512903413939e+00
4.744609670336938478e+00
-3.256939649997818265e+00
1.076670244046526781e+00
1.881172241465519646e+00
9.012048790182776159e-01
-1.086084000239921243e+00
9.235795949368581503e+00
-1.163387782632780976e-01
4.402701625616205483e-01
1.625711957610858072e-01
1.298360502939015948e+00
3.063332368912661252e+00
1.094266820915736016e+00
-6.216577773758475089e+00
-1.135729329995184278e+00
-1.242884901119295948e+00
-1.737770462527905346e+00
-8.548855033789099167e+00
1.054873394942046794e+00
2.827376243550043355e+00
3.191404649766276691e+00
2.708017358277214015e+00
-1.062863132971090252e-01
-6.894251052455158124e-02
7.244042118765958271e+00
-3.939673648255692662e+00
3.246528108514239008e+00
5.505262729114110520e+00
4.373233151955031595e+00
-2.033653140787061275e+00
-3.190878108549799030e+00
2.155930312113564007e+00
-4.978630295005490591e-01
1.920443829275842118e+00
4.678749949187326784e+00
-6.785811391939691184e-01
-2.953208938044010523e+00
1.390755440679026123e+00
4.314929327120247571e+00
-3.236163277449519704e+00
-4.088460577213663072e+00
-2.682020610708640618e+00
-6.909647920344887950e-01
2.082173450383567825e+00
2.076388209626359505e+00
1.515756437917794797e+00
4.809836158942421003e-01
1.623825502330121795e+00
-1.432411303900688049e-01
-3.770020787810105745e+00
-8.527255546015457544e-01
4.966884360582341174e+00
-1.292376667739522089e+00
-2.914636647028055805e+00
-9.627911846247971805e-01
-5.050080505309060275e-01
4.702399018008864395e+00
-4.465733063814139925e+00
4.327511055895159053e+00
1.829754046598537132e+00
3.832585456970169169e+00
-8.939338097652251847e-01
6.853831104464579660e+00
-3.323928055361913270e-01
3.980443682384976256e+00
-1.648049135539326970e+00
2.846082834968584052e+00
-1.058974752225113614e+00
3.044670770484589895e+00
2.722043773764398100e+00
3.548269197176835199e+00
8.418872887211813483e-01
8.897512454331526044e+00
3.646065430003018193e+00
1.169077822250664367e+00
-5.474134023340786470e-01
8.406590184659757270e+00
-9.047519689411313237e+00
3.055684510765485307e+00
-2.318830182069630652e+00
5.844970684305095254e+00
-1.324483813255717957e+00
1.025406840212308879e+01
-1.376473850027274848e+00
-8.569171920959490762e-01
8.421831029809254687e-01
1.022143106399106882e+00
3.917864459828723334e+00
1.989011341631472973e+00
1.902991407584664785e+00
-1.154826640870634247e-01
-8.235781015874579225e+00
-4.320112885586633311e-01
9.923168542235790701e-01
2.676994081890571309e+00
1.522749391507032257e+00
1.370064269618547215e+00
-9.384710940959839487e-02
4.079338432920704971e-01
1.020910141179534047e+00
4.976132847044417162e-01
7.058424199696869294e+00
3.001083918173280907e+00
4.839386261013320478e+00
3.665179292712446468e+00
-2.417296911270732984e+00
9.780666117440948160e-01
1.970095080331519588e+00
5.836215856449411543e-02
5.523432720382670524e+00
-1.274618369580043487e+00
1.774335493718954382e+00
3.917017590899800616e+00
2.491989321395264412e+00
7.671266000236157012e+00
-1.054211435366630978e+00
2.523160792170787703e-01
-4.841978995097416139e+00
5.056622929839802438e-01
-2.149975705943886872e+00
-8.259246598368841230e-01
8.526755117970548525e+00
1.978384771569001055e+00
-4.971655272925770142e+00
-6.903804015743164602e-01
3.015214793545779592e+00
-9.459365537174304617e-01
5.116145681153331459e+00
3.719774939706588235e+00
-9.265812844553273919e-01
3.573691908718731880e-01
8.784114395016789922e-01
-5.407936830865565092e-01
-2.086626696330297293e+00
1.048675452128567498e+00
1.959532081725532393e+00
1.025306015524553338e+01
3.514385623736783870e+00
-1.604680039244773093e+00
-1.193085887406745593e+00
3.772372686657617713e+00
3.372243036498088209e+00
3.159123084006450810e+00
-1.676980899366795397e+00
1.005063998380467227e+00
3.540916288783359178e+00
-2.945417183053034016e+00
1.189202946519756665e+00
-1.882600821044205341e+00
1.876944705404848035e+00
2.529758705832538368e+00
2.750933077179896102e+00
3.399192992530625901e+00
4.394831759440216423e+00
3.608505385285294409e+00
-2.934346514277179629e+00
-1.298578185179068312e+00
-6.928299090642695113e+00
-4.548212238206739144e-01
3.916478389937513960e+00
1.570063981427616495e+00
2.861227273614095346e+00
-6.745385268189870942e+00
-4.444312849744350480e+00
4.175832924389251133e-01
6.487352433375670469e-02
-2.352618099325822776e+00
6.077576358865191430e+00
-3.572298752586547721e+00
-2.927126450298068505e+00
-4.336818743030971035e+00
1.398161203762307903e+00
5.911220950243625261e-01
1.251166946004704794e-01
-2.679174492316763079e+00
2.235479149008684274e+00
-3.493281519087061859e+00
7.600094116069335826e+00
5.756530186303814745e+00
-2.972390379147086037e+00
1.916474525096655723e+00
2.171831877341186434e+00
8.817697337489913689e-01
4.348621062396872183e+00
-1.409581002304303832e+00
6.049716531312760992e-01
6.180115439576695513e-01
-6.947345380852916197e-01
4.767031709570706433e+00
-1.703048197082434490e+00
9.868120692532170724e-01
1.385751827909252887e+00
-3.636036063449016531e+00
2.788974202313952766e+00
2.187915708117627034e+00
4.376395377668019115e+00
-7.844370163672211849e-01
3.177321613650136101e+00
3.174621819013123236e+00
4.406019169507916722e+00
-5.932616264992476296e+00
3.004076193077419354e+00
4.749802802308247252e+00
-1.017104136837950312e+00
8.686477409866125710e-01
5.212327234182035696e+00
8.910571479651046900e+00
5.058791901489881893e-01
-3.374814137720711038e+00
-1.566700780133535309e+00
-2.256915863370521080e-01
-1.760040422585067432e-01
-6.581835090775822739e-01
-1.242565825429237103e+00
-3.785749148471244663e-01
2.003130482075181185e+00
-3.392437885491330629e-01
-3.626333899863429799e+00
-3.690757571997077768e+00
-5.504384153213582209e+00
-4.137281406432427033e-01
3.989248560667491006e+00
-1.932335719031027077e+00
-2.744336675418342253e+00
1.387686887532042501e+00
-1.743830293905445528e+00
-1.645153079409019670e-01
-1.942674751509458231e+00
-4.076327519148734702e+00
-1.239629552263944445e+00
-1.040776877156929681e+00
-7.186665162716930233e+00
3.033073539089927273e+00
2.499763993768507664e+00
5.147853793727070304e+00
8.040967486892425242e-03
2.449151572022835843e+00
5.796724339799481207e+00
-4.350882322208057928e+00
5.313219175258295124e+00
-5.495556811890776050e-01
-4.106829842229402949e+00
-5.131393815032706307e+00
-2.114382045627811735e-01
7.102333014994461902e-01
5.123331935975296680e+00
1.198414476304410226e+00
5.478150260029441831e-01
5.158349858759613049e+00
-2.408953700882661586e+00
-3.617137222770963945e+00
5.488080570709549910e+00
6.639870604696946899e-01
5.774123365446128808e+00
3.783455598672188280e+00
5.265924633715320269e+00
-9.121639396458944837e-01
-1.900621503284195990e+00
-7.068391551168329290e-01
1.707646202909603783e+00
-4.767260541404795049e+00
-6.328320802409468371e+00
2.173813467284677614e-01
-3.129559188883940024e+00
4.077372536750440091e+00
-4.570852699240042227e+00
-4.520958682267681716e+00
1.073979235867244197e+00
2.955870463157039829e-01
-4.130391111612588873e+00
1.553129594504649713e+00
1.631318489774784108e+00
1.327559115659044942e+00
3.687250852574430304e+00
4.663156285011811342e+00
3.844571483236197018e+00
3.096624779712914055e+00
-3.796552279733232282e+00
-9.685348907048436651e-01
1.176162172874851253e+00
6.212744958226585901e-01
9.861823781563732183e-01
3.895552062286151140e-01
2.824518993514907983e+00
2.803028209865204623e+00
3.063328595052934866e-01
2.221500983317469036e+00
4.604569846247504650e+00
-1.704306224485990784e+00
5.929229326041445702e+00
-3.876336055614846288e-01
2.642346347831729503e+00
3.895567905723267721e+00
4.610815716177773638e+00
2.234977987899016583e+00
-2.052374472052665766e+00
-4.624071282035622232e+00
-3.592812286145004919e+00
5.240226602577609860e+00
1.894483131284572242e-01
2.784437004526554738e+00
4.122633475580440354e+00
3.971096525264552923e+00
-1.923034484011306278e+00
1.353528717951106852e+00
-8.332914807404847579e+00
8.690268125638493935e-01
2.642236204134622568e+00
4.440525860353374377e+00
4.127456874085153049e-01
-9.969931289262012886e-01
2.344405233810508138e-01
2.910889462669430827e+00
-1.047710211386994716e+00
1.473053258832445422e+00
-9.285009063340738944e-01
4.348254325807142884e+00
-4.829773345001016516e+00
-3.110642025150125889e+00
3.325982431800351691e+00
5.162946663023444849e+00
1.356848953137068658e-01
2.334655068449515980e+00
1.114681536354894220e+01
-9.782605751151929319e-01
7.954401702557716280e-01
3.631450287636167396e+00
-8.378486601856882654e-01
2.925961723012057369e+00
2.871562330052991108e+00
8.805453570895666049e-01
-4.804327238186412163e-01
3.496798137965638098e+00
-7.494756027264709353e+00
-2.108310253984606142e+00
6.404753528418903663e+00
-2.758673013294485443e+00
1.498456732188318874e+00
-5.740917795909088461e+00
-1.003449920232287296e+00
-6.667631524561303813e-01
-2.922521230674191006e-02
3.098421830407437128e+00
-6.544076203611188802e-01
-1.078921225222585711e+00
5.512639151635080337e-01
3.936067819417873537e+00
2.789007625609231100e-01
2.324762370380109022e-01
4.871561093946088938e+00
-2.126895463168736455e+00
-1.503909147354546727e+00
-4.653828664552691841e+00
8.821869826418755611e-01
9.158768168551236766e-01
-1.577682466875480083e+00
-3.376820503461176237e+00
5.674884490731823661e+00
9.306720821716810699e-01
-2.926615456893478573e+00
1.864509740297927598e+00
1.762683431450916549e-01
2.566320669598562532e+00
-1.666132430556505950e+00
-2.750363631056839786e+00
-2.607579029014098992e+00
2.132957282090305107e+00
1.494905253585975924e+00
-4.436139089432913352e+00
-9.287379495437864119e-02
3.221092364870969504e+00
-3.475062310596070958e+00
-1.855409437685353602e-01
-1.574611400016968643e+00
-4.901128355931267944e-01
-9.995364069983663224e-01
-4.139204853505367154e+00
-2.624767515542737684e+00
3.988479461998537090e+00
6.263532521773925055e+00
-1.591860594975816445e+00
-4.294883825759612250e+00
2.206048012770623679e+00
-1.919535643276103487e+00
4.003296244570948126e+00
-3.356755522878160036e+00
-6.363130508199144053e+00
1.307453093013355883e+00
-1.370291799044846437e+00
5.212892133616964685e+00
1.584603352899203177e+00
-3.264991371913808393e+00
4.663787103061837414e+00
1.070892372784679747e-01
9.343681314137133320e-01
1.890506234809208763e+00
-1.058176127415866974e+00
-7.125690151662371630e-01
-1.543956969014488090e+00
7.705083488646934597e+00
3.857678266526607946e-01
3.336403674034559286e-01
-5.105800861577991512e-02
7.243010242238175911e-01
-2.827593243764738418e+00
2.009607586600669293e+00
-2.350732621368579522e+00
6.561672283095473013e+00
1.394722044750620782e+00
-1.793798154225121566e+00
-7.482947793092442623e-03
4.135806310699352117e+00
8.164846995961466902e+00
-3.362626712055332145e-01
2.650261698424708712e+00
2.598433181224602873e+00
1.691951143924542267e+00
7.419226055950336907e+00
4.022172229168548441e+00
-2.451093618673658714e-01
-2.202742925036103472e+00
-3.600820490252772288e+00
2.558905042940518904e+00
3.895562257906178827e-01
2.471165836514430669e+00
-4.509974343335888314e+00
-2.138522157077018093e+00
-3.193753329299003241e+00
1.428263974850877416e+00
8.717303731376677689e+00
2.650272134384042744e+00
-2.982490448143050088e+00
3.229102652762041004e+00
1.673319394763648438e+00
-6.718452395848601988e-01
7.424231147232378536e-01
1.216127550548997238e+00
-6.205764763804986650e+00
-1.897589068193195283e+00
-3.032539263080258785e+00
4.699717326062423872e+00
8.563845126736313595e-02
-1.274036549065415747e+00
-7.283502527766192891e+00
2.600114490648361087e+00
1.321008962265396436e+00
-5.380003384466791605e-02
6.343657531847032516e+00
-1.572697626299007334e+00
1.212718927884057329e+00
-8.982985825747524800e-01
-1.301122795215645445e+00
3.773608235033874436e+00
6.150947849930473055e+00
7.560683145272481198e+00
2.700818310218964236e+00
1.816539948781145775e+00
-8.699673248077317567e-01
-9.869221987521354933e-01
6.858656419165476414e-02
-3.747398380086369052e+00
7.965085855609141063e+00
6.477381916450705823e+00
4.974052626777376584e-01
-1.680356686889227236e+00
-2.135870674218360854e+00
1.877741406070291497e+00
5.241532412927220719e+00
1.555119998924572755e+00
3.520043703792723910e+00
-1.534701784862997576e+00
1.356173400718450051e+00
-2.477887916744867525e+00
1.455661018717965494e+00
3.006099677931627134e+00
-2.980773909334481608e+00
4.922705244672378910e+00
1.245801507144672637e-02
1.443561623615749800e+00
5.798781127664629054e+00
-6.258995764072332602e-01
9.320546317579435636e-01
6.933954281606424352e+00
-8.130333591169820462e-01
-7.933110892914707613e-01
2.128585528815119865e+00
-5.607883897458497913e+00
-2.639285980591723479e+00
-2.166875303745510184e-01
6.514464012053921671e+00
5.264174470619989998e-01
-3.863908490777574478e+00
1.057684876134639129e+00
3.319235562831773123e+00
1.830829829998849467e+00
2.279755453080727357e+00
7.258136926583157456e-01
4.657451310110127807e+00
4.583635793397643710e+00
-2.477818096427886196e+00
3.326953928426823026e+00
-7.655216233841009021e+00
6.626556870183558878e+00
-7.966684421605463307e-01
-1.707707981242906792e+00
-8.030332356555873741e-01
2.582158467432808635e+00
-9.029205409190790288e-01
-3.975454611409221961e+00
-2.684581088095427504e+00
-5.349526031432139117e-02
4.160312012333349685e+00
-6.195296070089352014e+00
-8.845932722475196019e-01
-3.238517217784258051e+00
4.277279883131345883e+00
1.999012969240585802e+00
1.672742955756807204e+00
6.020667370907121452e+00
-2.448313475090756697e+00
1.495339536500501776e+00
6.378385469452317880e-01
2.188732908165327284e+00
1.347182848062992822e+00
4.178182713396108916e+00
2.869566824133534588e+00
9.377138255265242250e+00
-1.187338401005211264e+00
7.425488408138950724e+00
9.412789367217075931e-01
5.152206086350548553e+00
4.638852022574365463e+00
8.900158246911882287e-02
4.463513620161023709e+00
4.885958730058510113e+00
4.189758053937963744e+00
3.897955320094395049e+00
-1.227829951409159515e+00
3.666440741551840077e+00
3.836725141018202834e+00
-2.037515586068199269e-01
3.704896328496369295e-01
2.134634299429940540e+00
6.534819326235656867e+00
-2.538556429678808790e+00
7.027630995813964887e-01
9.813552739998877783e+00
1.906333861498074933e+00
2.452783700288899471e+00
5.630259610962609074e+00
5.758901061175590863e-01
3.092347181896824004e+00
-5.076314448770327559e+00
4.346154283255187600e+00
-3.341950878006712422e+00
-2.027618302449893051e+00
9.433416659405269300e-02
1.223275949101934490e+00
1.895363239904129360e+00
1.431318937529538760e-01
2.701519968967611263e+00
1.114966951412764029e+00
-4.046138416970792129e+00
1.112157041495490617e+01
-1.361403275790769696e+00
4.073846473368580412e+00
3.061614489030193731e+00
3.071249994154164220e+00
-5.487086649164123475e-01
2.046308090517942269e+00
1.673281771138557250e+00
1.688553249094608022e+00
5.122393589879846942e+00
1.942496488064367144e+00
-2.030491190421016334e+00
-5.868853493194801985e+00
3.496211795265720568e+00
-3.310271828939258754e+00
4.748049411076503468e+00
5.971707897175339674e+00
4.625469829435723490e+00
5.852145748375506606e+00
1.291004538655478484e+00
4.666139520312820643e+00
-5.423039123695400754e+00
2.991001435815403120e+00
-1.649337776383440479e+00
4.499358610206870779e+00
1.645855823748202162e+00
-5.927290120845507104e+00
-3.894539827900746154e+00
3.239656344511639752e+00
-2.503721001423904191e+00
-4.831487848755360304e+00
7.703613198649548188e+00
-2.204238796074273754e-01
-2.506585370945314750e+00
2.748561727184095638e+00
3.914226431323392319e+00
3.177683239366873913e+00
2.467800139228410128e+00
2.144343003713883533e+00
-1.432954204566602607e+00
5.132991429634382818e+00
-4.100209361466478519e+00
-7.222454144471144311e-01
-2.815130772850005236e-02
-1.028624351531851389e+00
-1.578250974244467697e+00
1.592389425304345352e+00
-2.350029054801450634e+00
2.636578073323309734e+00
-4.083266685184111289e+00
1.391635402912434927e+00
6.451082236957005334e-01
6.136920981732196800e-01
2.343405045855893931e+00
-2.006141261054485980e+00
-2.531919933456757477e+00
5.643424198652276402e+00
-3.523082038849603137e-01
8.566238926705571632e-02
-3.330018344462144952e+00
5.265546667950655735e-01
6.291495287851865292e+00
-1.539873433281801818e+00
5.340972107532234503e+00
8.296541820294863756e-01
1.267662299605085696e+00
-8.774765230176875264e-01
-1.294173555713273638e+00
2.733256116597662544e+00
-4.485423462864218003e+00
1.910642804581451415e+00
1.071408506056639398e+00
-1.936588773016933773e+00
1.232864327963891560e+00
1.017771094652686337e-02
-4.405225862631513500e+00
-3.616358809475418212e+00
1.589055147083672459e+00
4.490122883302150036e+00
4.030536469360072260e+00
-1.832801201513836409e+00
5.074543334916725712e+00
1.603177533882108152e+00
2.805817112673365088e+00
1.654310426316509375e+00
3.384413566697952014e+00
-5.785148288382065296e+00
-3.198491262688407666e+00
3.738370446183492568e+00
-5.714147970647022845e+00
-1.111898533841309655e+00
-2.792743013403030439e+00
-2.330626862172175962e+00
1.709544206553659240e-01
-1.479263258939129022e+00
3.650738328805390509e+00
4.318998195300530085e+00
5.254073585049854778e+00
4.158711211169233479e+00
1.852907862476080858e+00
-2.232303396048442856e+00
-1.100153176041331671e+00
6.062449256353884541e-01
6.047226616127481247e-01
2.538416411489897939e+00
5.001607088312747251e+00
4.659638020850743523e+00
4.038610935509407973e+00
1.063892084936147731e+00
-4.514127101829841671e+00
7.053086567119425609e+00
-3.735027655453261985e+00
-1.322049377766151279e+00
5.510896792586755133e+00
-2.262033291774497634e+00
-4.028176286235231274e+00
1.217942176131542542e+00
3.811231319491815484e+00
8.618912617230312989e+00
3.381864813910470779e+00
3.547670252265869628e+00
9.083017329576389187e+00
2.638849175212711451e+00
-7.450508776502173802e-02
7.934538649710004554e-01
4.332533555530196701e+00
2.969471193080521765e+00
-2.530823043018084029e+00
3.575470547047068237e+00
5.728424202218267425e+00
-5.017403665625574938e+00
2.701976329673000166e+00
-4.392432243097982969e+00
1.096339506839806521e+00
-2.724003757045859508e+00
-2.557253463187769693e-01
-1.208524996982984767e-02
5.219647030286600931e+00
4.384192699359092948e+00
2.384100255035386251e+00
4.835769869390039166e-01
-2.862517566034722627e+00
-3.913155108554338568e+00
-8.371116365397552883e+00
9.982326781011442440e-01
-1.444964151633679750e+00
2.213065893553720631e+00
1.823621340296869064e+00
2.226655226248887676e+00
2.869084298576686010e+00
-2.957219313471218136e+00
8.052492817952282778e+00
9.961456781755131384e-01
-8.774260977052437127e-01
2.287462920895619867e+00
3.139843901897452660e+00
2.642354502520413817e+00
4.737824656611211438e+00
3.395225105266308496e-02
6.490551344212371454e+00
5.980974367065898356e+00
2.809239314132243592e+00
6.277113338191424141e+00
-3.697990729313909597e+00
7.773422188682599376e-01
-8.714548494222050579e+00
-2.581093680042097382e+00
-1.528286119866070214e+00
-1.364474096731887132e+00
-1.978501177352779417e+00
-7.110986305903499449e-01
6.228970675432778492e+00
-9.826578415935878219e-01
-1.335772083018666789e+00
2.131489802097259911e+00
5.411438741432339050e+00
-4.896974197580370003e+00
1.770715519533063498e+00
-3.866946904956956033e+00
-5.534472337764759775e-01
1.677286197359334485e+00
3.786208293661241786e-02
-1.568347572337204232e+00
-7.596763649469608914e-01
5.845325929070883664e-01
2.205638438236586119e+00
1.981188684056418570e+00
1.067387907166911676e+00
-6.093190494906184362e-01
-7.029350782033381151e+00
8.060330832696841696e+00
-4.173203906705904132e+00
7.000970036269210661e-01
-9.622957704487488328e+00
-1.383745041485694438e+00
1.858242014632444761e+00
2.030804303948685607e-01
-2.822032334445901292e+00
-1.454540565417922648e+00
-2.314247890594358648e-01
-1.206275255499304810e+00
3.894024536049012220e+00
1.095391648279764762e+00
-3.621382058559706962e+00
4.842535452791099537e+00
6.207485965852344911e+00
-1.166392724457401719e+00
-9.862063535812333193e-01
1.781735131065899314e+00
-1.564412064327479479e-01
-4.970943259135705894e+00
6.024697298129941814e-01
4.110867115542081507e+00
4.305122115280053396e-01
-2.613196200241580947e+00
3.981958768910383917e+00
5.463992126774451563e+00
-6.704274641045717686e-01
-7.997668581785959407e-01
-6.970250358915880184e+00
7.527385695042126734e+00
-1.938381655324390662e+00
3.677188475371274134e-01
1.939861777687775346e+00
4.631714149409191350e+00
2.628726677833716607e+00
3.337108216695974683e+00
2.421210506002449137e-01
7.404639070346394014e+00
4.152765687963108299e+00
-1.918553987958748985e+00
8.124832773919088424e-02
1.085802549268753525e+00
-4.709006482622782208e+00
5.029093834678050712e+00
-1.386193819662376869e+00
2.558118842945722449e+00
5.228908093679357272e+00
-3.296015494677624780e+00
3.299325578334952880e+00
-2.929846483901639154e+00
-2.169973471659593756e+00
-4.759880430129814322e+00
8.959401758155445705e+00
4.928342000997004924e+00
4.875391949170648331e+00
2.544992204720728957e+00
3.456284533414920368e+00
-3.539697933276300112e-01
-2.386440525591037698e+00
-1.226070743376715511e+00
5.321497548836432223e+00
1.738168031816221593e+00
4.347430788460731499e+00
5.342582039853915887e+00
2.821029825367618926e+00
2.968506868473586024e-02
6.177507926643323266e+00
-2.883142904508708249e+00
-5.709896021139702071e+00
-7.216706887459433339e+00
1.545426755633305227e+00
-1.953925982830601926e+00
3.163097277127716822e+00
6.830238120090641463e-01
1.160865661194794285e+00
8.102688874235420613e+00
6.244447318374113376e-02
2.808094829928716507e+00
-4.375538234210177180e+00
-1.823040233987431202e+00
6.292006692882015084e-01
9.577825655903396962e-01
2.678730294134062717e+00
-4.127636723845662381e+00
8.394308214056900752e+00
-4.316308638052440472e+00
-3.253308477701937207e+00
-1.868275936658891911e-02
-1.070011873001797564e+00
2.249947030676288762e+00
-3.819764212962826200e-01
-4.022171832741576303e+00
3.129800216175360639e+00
2.014955671231883017e+00
-6.376088355050968381e+00
7.285146337165617325e+00
3.593593215674642849e+00
-1.088582311398462288e+00
5.468647006016041701e+00
1.057945807452707854e+01
-4.403710806299011793e+00
2.077619856990055247e+00
2.955569381950543750e+00
2.702872514356429168e+00
3.876610442734240713e+00
-2.857095360370228931e+00
1.538466300811100584e+00
4.116297382819412931e+00
-7.184271039660690139e-01
1.684520960813146839e+00
2.309201792321360358e+00
-1.200075080062963373e-01
1.754882253541864667e+00
-2.396171639134626830e+00
1.954635168697526737e+00
-3.952653589806779166e+00
5.600224158404447650e-01
2.455830345602835862e+00
8.259385832205843325e-01
-1.218509627586577659e+00
8.086607913655161628e-01
-5.567935429740525244e+00
-5.976397176252406851e+00
4.868616138017817008e+00
2.556504977774918252e+00
7.825464652599408488e+00
4.542856764394922919e+00
-9.504316925182856313e-01
2.182312667730732514e+00
6.092804265459328406e+00
3.444085333395384474e+00
-6.740979677617085386e+00
8.296888274446176936e+00
8.753112457482357112e-01
-4.274774567775205369e+00
-3.528781292607996889e+00
2.708649966097299799e+00
-1.542057663753338526e+00
4.374613502501127904e+00
-1.974321364273583734e+00
-4.150767182583315673e+00
-2.034624970014104584e+00
-4.054318000660757093e-01
-4.429311553291491954e+00
2.691195141034892213e+00
7.877535016981396243e-02
7.116843652185786961e-01
5.618001684956524855e+00
6.429998503489304795e-01
-7.590778610971880447e+00
-9.177447250501737930e-01
-2.169989240701853284e+00
-2.975473187811299436e-01
6.642355248492036957e+00
1.449288262309011088e+00
1.391712922653274509e+00
-6.834060567934578945e-01
6.609841804043482538e-01
2.916896361062305765e+00
-1.133251084897285210e+00
-3.469918838941725703e-01
4.340082263657650152e+00
1.991200903269935818e+00
-7.487214943374131515e+00
4.513438760719349574e+00
9.524245924518925932e-01
4.936144989286288975e+00
2.614568380303338824e+00
-1.822346711319159374e-01
-2.709067855532521385e+00
2.901079828977715991e+00
-1.027122039281424426e+00
1.168387522335149642e+00
2.079115038879106869e+00
-4.943545070401563990e+00
-1.561662829842052735e+00
5.889378308515445859e+00
1.183517630285147781e+00
-6.483342874927590316e+00
-8.627802002964983785e-01
9.982309174420745945e-01
-9.575714445628435989e-02
3.801834246317998378e+00
3.591653091426066702e+00
-5.435958755482010574e+00
2.649171108724671653e-01
-1.329022148754531729e+00
3.200052213765357756e+00
-3.059090005161458237e+00
-2.012299732035454092e+00
-2.132977625844866054e+00
7.932981947402871770e-01
-2.467246109152389621e+00
6.753348951707637049e+00
-9.037890090821849576e-01
3.001777124197934299e+00
4.521572489383554938e+00
2.500872848024538797e+00
5.403411723162543367e-02
-3.761714933997176935e+00
3.988365791160893181e+00
-2.011302394453202691e-01
5.595475415167583400e-01
-2.308966708851493799e+00
5.870666415778871716e+00
-6.948453788058753133e+00
-4.656552348132551700e+00
-3.520876945993065554e-01
1.644125870510063425e+00
7.087533201487397960e+00
-8.825512572144653678e-01
-2.940688322126431942e+00
4.297823782131375836e+00
5.233305745928523045e+00
3.973940129223540119e+00
-7.599193072146996908e-01
1.930624101636984280e+00
5.887413845549395175e-01
-2.829966257384913142e+00
1.926817090333708515e+00
3.398727300642336857e+00
-1.521403584827180078e+00
4.867458460998498104e+00
1.192556371834038176e+00
3.055513472930774022e+00
-5.347006003880285796e-01
2.829923317293100427e-01
1.535171683323447223e+00
7.875306478804756871e+00
2.013276975083370335e+00
8.464137252293740810e-01
-4.373172131650854055e+00
1.686240656976111696e+00
4.533210051688596032e+00
6.273342645573401377e+00
3.251422529074948997e+00
4.050995225804421840e-01
4.759473633081051425e+00
1.411307836220987433e+00
3.490164294126488542e+00
-8.518016740956986244e-01
2.082401380421286419e+00
6.099708580924107615e+00
-1.034327466643803373e+00
-1.687470503411537814e+00
-2.875265802785252234e+00
-5.230852702675107935e+00
-1.879152635888015288e+00
1.262037609960784179e+00
7.162791116950351089e-02
-3.255306122318978090e+00
3.588884505171931139e+00
4.981543036680272429e+00
2.769689891645755964e+00
1.615920314362270460e+00
-7.890997764643141732e-01
1.117407386318442386e+00
2.532616995677565264e+00
5.308194455600351525e+00
6.262630810613288190e+00
1.545448835256276743e+00
4.981757121378699305e-01
1.224614922730524080e+00
2.296297916512239023e+00
8.781791448925940102e+00
2.162668561813219092e+00
-1.280016036018453152e+00
3.033149741622059636e+00
-8.133520149929569509e-01
7.691651442772854397e-01
1.328246019740623396e+00
2.989462921471363721e+00
-2.234562439909559828e+00
-3.119323018181628271e+00
-5.458288205422218375e+00
2.055445592783064601e+00
-3.411916575825253872e+00
3.807131472430547170e+00
3.198735572127990312e-01
1.115405171220676017e+01
-2.008594054708933818e+00
3.808032002649489045e-01
3.416940726129676364e-01
1.017895308353468309e+00
1.742213443477525825e+00
-2.884027744051151920e+00
6.468451117297755459e-01
-3.709521341366162073e-02
-1.623428497030543260e+00
4.080383306260615406e-02
6.704327747337927690e+00
2.953722012352090198e-01
3.591690377203913265e+00
-9.071883767002264509e-02
5.666752131869964293e-01
-4.723554655087851550e+00
-4.976996161797632823e+00
6.260795072246964743e+00
2.754737866407654501e+00
3.069315034723467228e+00
2.008637933943138165e-01
4.409942610703424748e+00
-7.031702134834729723e-01
4.018340021900282721e+00
-5.166876391904768440e+00
8.291466759861924052e-01
1.952441862771541414e+00
3.173836018082432986e+00
4.023874908491718472e+00
4.415350362652637806e+00
-1.172743625216519536e+00
-8.001806174152804374e+00
1.996428896448492196e+00
-1.221784806210224561e+00
-7.627961251715903224e+00
-2.159214316052839422e+00
2.842223696435792313e+00
5.885057657154217914e+00
3.266261456794230078e+00
1.445707724284948537e+00
4.679599040349142314e+00
9.088478435501812669e+00
3.498307257695961070e+00
-2.466236894436022453e-01
4.930743259204480644e+00
1.361585983241408560e+00
2.325100454639648540e+00
2.615151197399240957e+00
1.684109536655526984e+00
2.811374592400067485e+00
4.683298434926247422e-01
5.998826847665837292e+00
1.000426209134842459e+01
8.047142696262335804e+00
-1.775819899182753625e+00
3.180829499506995006e+00
6.092403074351659953e-02
-2.163894232222573599e+00
-2.322363688470128196e+00
1.178685486684805772e+00
-4.799680844739683039e+00
2.330710839800520073e+00
5.818758481738980137e+00
6.532212760611703750e+00
1.872653176131967356e+00
-1.883729949325445796e+00
5.182799496062377997e+00
-5.374146388847054201e-01
-1.828177649960333939e+00
-4.046757537375104796e+00
-2.502406693320259556e+00
1.664618338717187562e+00
4.928032399574958866e+00
-2.822605917416288079e+00
-1.856388858277334242e+00
-1.742704578989032749e-01
7.120029265488061476e-01
-2.110369778086802484e+00
-3.866602976043213680e+00
-3.054384879417146870e+00
-1.607684691521484188e+00
5.325585199315037599e+00
4.557647893324157096e+00
-3.158742098909412821e-01
6.179049305033432304e+00
-1.752059113178202177e+00
1.512923255527650834e+00
1.608266139922188698e+00
-5.181571889061209468e-03
-1.081159435603423091e+00
-3.458889302858508152e+00
4.074327679682420822e+00
-3.652497663668208272e-01
5.590210198540273900e+00
9.058599849235962509e+00
4.166414061224220866e+00
1.200514551550040832e+00
-1.778316942271177092e+00
-1.946486193676447707e+00
-3.626321388742528740e+00
-2.335420008863885677e+00
3.595069162522150030e+00
2.385623521350839660e+00
7.663114475724161601e+00
-3.154982205674742524e+00
-2.229538749315618240e+00
5.126152006523355453e+00
7.846340392909993966e+00
-3.233342853379433279e+00
5.335749673468535015e+00
5.829138934328603749e-02
-7.710933232965935247e-01
3.217208020179398886e+00
3.069828884969836302e+00
3.564238411092800263e+00
-8.908842528493334800e-01
3.224416200484330197e+00
-3.511518853704040488e+00
2.942875640951170269e+00
4.747420651701277805e+00
1.399142664422038163e+00
4.327533886970603483e+00
-1.032090282689185567e+00
2.951918075364601268e-01
5.265865026549214178e+00
2.428244140840471577e+00
7.113683435128059784e+00
-2.903544769069180909e+00
-3.174695382853177428e+00
-1.766990362745885834e+00
2.605506236305041412e+00
-3.149035365262819575e+00
-2.969767930279133772e+00
-1.372889539437301076e+00
-5.421217254939887376e+00
3.434865557684150694e+00
-6.018121726882033506e+00
3.286524192733295990e+00
-1.303366113625347156e-01
-6.797773267824219978e+00
-4.099682333648764221e+00
3.544614054358695476e+00
3.512429338901529308e-01
2.837809122321485411e+00
-1.459226420200166130e+00
-2.113660824013095407e+00
1.408655570886321318e+00
-1.144638653283850172e+00
-3.464318499238504323e+00
-4.681668277251448629e+00
4.576236308772837269e+00
-9.408746756271846312e-01
3.383867659226440949e+00
1.568306960713711229e-01
4.214118542247576649e+00
2.072942653507674038e+00
-2.224232108863406943e+00
4.247374901274481473e+00
5.715514645269892391e-02
8.074375929952194442e-01
4.380689343765847843e-01
6.678040753321419665e+00
2.717087876732207974e+00
1.636734866798997601e+00
1.735829181724299453e+00
8.474474635138204093e+00
-4.935197519360434271e+00
-1.084814527115132377e+00
-2.986978487442401686e+00
7.863288967276783836e+00
2.898435485531608569e-01
2.967322849687317188e+00
3.297792514199140435e+00
6.424542404245060512e-01
-1.767137287471417517e-01
-4.901138006499639488e+00
3.290777631547625148e+00
4.220371200827925939e+00
2.146528207240247177e+00
2.492151608856506551e-01
-9.533687958013492558e-01
9.204295122054370282e+00
4.900937700723361878e+00
2.278048789664796292e+00
-2.219270594651876038e+00
-4.088132344853449673e+00
-4.168148094959087224e+00
7.898974898568169589e-01
1.001835408957123974e+00
-3.445382518492163371e+00
5.486092014902972380e-01
3.854778916406188749e+00
1.072708220532180290e-01
-1.149956231676532381e+00
4.548979150000176830e+00
2.046200090089294044e+00
5.937803558633634182e-01
-5.470548409183755290e-01
5.695249133213821757e+00
-9.531793369636700319e+00
8.962201705419463593e-01
-9.920622017602823917e+00
-7.215248044137925199e-01
-2.676135503813522831e+00
2.515932497433473802e+00
3.991793363420184981e+00
-3.719213145602665804e+00
6.541666087111984496e+00
2.332128378194012974e+00
4.086852085241128307e+00
-1.279667883563433417e-01
3.441028548286412025e+00
-5.898996739868584971e-01
-3.352265556763112109e-01
7.469188476879580207e+00
3.169677568089990238e+00
-3.965627322274987598e+00
-1.196869956286009451e+00
-3.812063273390609908e+00
-1.045825640545144930e+00
-9.809272368400190345e-01
9.242280490358852907e-01
2.456822377357475773e+00
4.245279933207217304e+00
-1.727333035175514508e+00
-1.544474945652638320e+00
4.108274305863402476e-01
-1.265148660513818912e+00
-4.270681365181142830e+00
3.841918026594723479e+00
4.644225268829356601e+00
1.915689926408145949e+00
-6.238895312493550893e-01
-1.464465864306611964e+00
2.927504964561150835e+00
1.256291035612666196e+00
5.020651731704653287e+00
-3.153033674779166518e+00
5.232308816675023344e+00
4.590670918901010644e+00
1.440024710001921893e+00
9.045716678448928461e-01
6.676028985453439368e+00
1.208603236923283752e+00
-2.087060783541872411e+00
2.600862407241865348e+00
-3.388666379705745690e+00
-4.125877856346626960e-02
8.252365010555950064e+00
6.853005099988131121e+00
8.240869451947927971e+00
2.282711202238966397e+00
-5.285576942678503976e+00
1.014061123659925956e+00
-7.591037459026122036e-01
4.978124484350916035e+00
4.412965309186305696e+00
-5.746697333587142076e+00
-1.014373627338803763e-01
4.286044551784351953e+00
-6.017126116238422640e+00
7.681353299061677298e+00
-3.428595936744675221e+00
1.282532725238645366e+00
5.543974377359814909e+00
-7.775145381887968998e-01
1.922261948173651591e+00
4.954679970370236219e+00
-3.809126368369457616e+00
1.522448311768493934e+00
8.356081243702490724e+00
3.900597982534453223e+00
6.520351545381255498e+00
-1.008820024473087162e-01
3.135617908232290141e+00
3.800583668432198081e+00
-5.315620586526682345e+00
7.673267850258009837e+00
3.515420323142906867e+00
3.026767058768204066e+00
1.127544204510002812e+00
-3.655263326052099693e+00
-6.968339227305855310e-01
6.189131088987602780e+00
2.411751856247192460e+00
1.634308859018590798e+00
2.688353783599018776e+00
1.041771312387206327e+00
2.866193321496421476e+00
5.733708694481421730e+00
-1.683505947682846893e+00
6.469007893697136247e+00
-1.481308228714353747e+00
-4.662651221280105229e-01
4.234032377696667737e+00
-8.021960350285566310e-01
9.202375123676954871e+00
-5.828419639311784195e+00
4.416748070687352090e+00
2.637650687839510510e+00
6.089837552121712960e-01
-4.399416006332788065e-01
-9.814706676674820329e-01
-1.136469787263510334e+00
1.337618731171416275e+00
-9.700603842508459529e-01
1.607275192885554427e+00
-5.327376967265695207e+00
-3.569787643255018850e+00
-1.530514389178078138e+00
-1.515651661272866990e+00
-7.020181913223388914e-01
-1.623983825756341703e+00
-3.945698322657866797e+00
-7.677888667979750004e+00
-3.075278643451825999e+00
4.288050269226449274e+00
-7.705688855321928266e-01
-1.071963804702885437e+00
1.613714244122573582e+00
1.299501138008433143e-01
5.524351788273543562e+00
-2.649753038565365593e-01
5.642956709644162405e-01
1.423551982085201617e-01
-9.636800286905677915e-01
1.481251839899554668e+00
-7.724933432405212130e-02
5.754874673279736896e+00
1.994576707932793180e+00
2.443289236039889012e+00
3.363689887920521926e+00
-2.723760554869916639e+00
2.760303006996345232e+00
1.300458692484325551e+00
4.198451987083481995e+00
-2.183639613505826027e+00
9.863801855616157743e-01
4.755794474913550007e-01
2.398221929929210461e+00
7.092203328799578932e-01
-3.610532995992149274e+00
1.695015276333058374e+00
1.524363744605494730e+00
2.490524872252958488e+00
-4.792461087795465424e-01
4.103388944310230602e-01
1.289099836825077450e+00
2.877104513149214782e+00
2.638689947560674653e+00
-4.648923675073286521e-01
2.449065449393984295e+00
1.353278686414391974e+00
-2.270103480236447702e+00
7.876897361527532837e-01
4.632212476991132144e-01
-3.782178740108389725e+00
-1.580172112696313080e+00
-5.492771948556173456e+00
-6.583330885820710687e-01
-2.440419729100117507e+00
5.015846182104607642e+00
-2.366391740125622256e+00
6.866820890042113490e-01
5.953437000596299988e+00
5.575605798209806174e+00
6.090999179399966934e+00
4.743176018761277035e+00
1.461722547784050974e+00
7.699765248471919676e+00
1.465858743884875803e+00
1.253916875200411951e+00
2.717883859741987429e-02
-6.389911694833361189e+00
3.464752895979198222e+00
4.465749730271173057e+00
-1.970785225439965815e+00
2.144993572393579129e+00
-3.621966722933665395e+00
-1.367895992991371878e+00
-4.537076742501207072e+00
3.055951232243239168e+00
4.506658943078859503e-01
2.054098789436752170e+00
-3.185984906680290329e+00
8.046759184976887136e-01
4.017683358328674181e+00
4.422892374644336932e+00
-1.174598988139065714e+00
-5.101751227647122633e+00
5.964163951986869883e+00
2.903196253138036198e-01
1.897023055879318409e+00
4.858322574083492995e+00
-3.322066398449317060e-01
7.574684965704979511e+00
4.432328320656745646e+00
1.475464687506359507e+00
-1.706847190289575211e+00
3.477886747666937950e+00
-5.057340171262684869e+00
1.396973689065687196e+00
-2.160912623323691051e+00
-2.434596226130278929e+00
2.165028968373412965e+00
3.020826458309217033e-01
1.122468514555858388e+00
4.847676731545516482e+00
1.653880360549990103e+00
-1.709680929790678094e+00
5.060991106612492629e+00
-4.374397067266251327e+00
-3.536239009850072890e-01
3.466109191533743861e+00
2.711797932605777284e+00
-3.360455775428293101e+00
-8.547492856146854390e-01
5.917039018890297708e-01
-1.254244333116050880e+00
-3.123467429692757591e+00
-9.741907151403759180e-01
-2.622498040792551777e+00
-9.408219706074036903e-01
2.930930975736620425e+00
-4.049016365742659218e+00
2.840185610108005854e+00
-4.390093870613843485e+00
1.325488273189834310e+00
-3.179220822611513952e+00
2.904517844734076704e+00
-7.900967428398717463e-01
2.991050982885587572e+00
-7.589061681465896214e-01
1.982401631428195810e+00
-3.228872811628405337e+00
1.217174635452962006e+00
-1.925007076489263502e-01
2.786399078167536736e+00
-1.551707050013154232e+00
-4.764228380388854767e+00
-3.644403398756514978e-01
2.199857849985955127e+00
2.874337599477486016e+00
-1.590461921293021552e+00
4.248760516532822606e+00
-6.391085352179332268e+00
-3.708999331795099774e-01
-1.241300940187154422e-01
4.840777367038551660e+00
4.456436543705781794e+00
2.466899972482352155e+00
4.349079724593790885e+00
4.643156258748105891e+00
1.995546475989457225e+00
-1.244748178438857211e+00
-1.118074825262793448e+00
-6.052108984976620754e+00
4.906961394806111265e+00
9.133540300716200377e+00
6.315733886356232674e+00
6.677358263580814857e+00
-3.344061811382175620e+00
9.056849403234981111e-01
3.242152853760379649e+00
-1.579104269582268349e+00
2.001570038136114338e+00
-1.351324348108121631e+00
-7.576527301808193560e-01
-5.172966924892210550e-01
5.194966893435036148e+00
2.836547239160031708e+00
3.532154006927818557e+00
1.163640373849814225e+00
2.739109887698311097e-01
2.170278982407820578e+00
-3.954355273109968927e+00
1.755071085001060904e-01
4.131626171349781496e-01
5.748558228798009040e+00
-5.307186017789049526e-01
-2.007134138479607088e-01
-6.804689154714453903e-01
-3.988210699097426648e+00
1.469620840694276342e+00
-3.485030577500790372e+00
-1.512753202032127708e+00
-4.732647753414219061e+00
-3.578965896945644154e+00
-1.336184970701202124e+00
1.455600405128552488e+00
3.632352915482235822e+00
-6.046886293925662237e+00
1.323502623783554544e+00
-5.777706015503934367e+00
2.871561844414323161e+00
6.199021647221963249e+00
5.016746606599666869e+00
1.267949345866461908e+00
8.233650770762114490e+00
3.019049297278193045e+00
3.505479777696478116e+00
-4.600533287579954056e+00
-6.506257315573877875e+00
3.047172094110671914e+00
7.161777414619542981e+00
3.354700496082194228e+00
4.032565063315987075e+00
3.597843244169530053e+00
-4.947241779166557052e+00
6.924001977843087241e-01
-1.378495188576646102e+00
-4.931004394619680209e-01
3.235296845112150876e+00
3.697722178270204663e-01
-2.085705042128720432e-01
4.158773321767116116e+00
6.033047195135802454e+00
5.239456128459483608e+00
-2.094281492014726798e-01
1.082647243360205680e+00
8.531066534853295025e+00
7.139737413208323780e+00
4.784882628954762573e+00
5.814020236632643446e+00
-2.489835679290317572e+00
3.062954292616843155e+00
2.556987756903096320e-01
3.905458782596992862e+00
2.003390470125579803e+00
1.249770790256118813e+00
5.281648835725520463e+00
9.577166953708229347e-01
4.535385950496434226e+00
3.634400371820205145e+00
2.590882076269991341e-01
5.597230383418173361e+00
6.066762182296241868e+00
1.832220625021761862e+00
-5.748000477649563678e+00
-7.409858623713696524e+00
3.319138203741690774e+00
2.523848129670022367e+00
-5.595612783946068980e-02
4.228604183345590073e+00
4.500874815879455149e+00
2.656896731084785301e+00
-1.311030651228827226e+00
-1.952194958126704849e+00
7.626444714299305261e+00
9.387349351647427120e-01
8.974543167642952124e-01
4.830863431100317129e+00
2.530023573018986838e+00
-1.033023074306376854e+00
8.363922020498819609e-01
2.187968546198020725e+00
-3.349316221021898521e-01
4.976034812709248634e+00
5.363058086702772620e+00
-2.847111541988864403e+00
3.146960244431301845e+00
-3.010215065778801602e+00
-2.547552924148606124e+00
3.413456724051021074e-01
-1.931968584816452283e+00
-4.937305074041571373e+00
-1.216714194632887436e-01
-2.119914139284515109e+00
-2.518985599426553534e+00
2.758442589054360461e+00
4.249332049473262707e+00
-5.441239341730630841e+00
1.417018680953920029e+00
3.730798950711067263e+00
1.087199732852443423e+00
-1.340813565965526033e+00
1.544175649749974566e+00
1.944492992987860047e+00
-1.178724830662556844e+00
3.692207636470022258e+00
1.827301146139049370e+00
-1.785766461541713701e+00
2.431700945719549090e+00
-5.097897024288517542e+00
7.473874528503910986e-01
7.038784995447373127e+00
5.871817678714250199e+00
-2.233352505356633877e-01
-3.837920697113839097e-02
4.297000517629522065e+00
8.769362805294115271e-01
7.841087618956001926e-01
6.416390654265476945e-01
8.079462228209431940e-01
9.095452171085431914e-01
2.826957519861781343e+00
-6.192352954566791468e+00
5.478204718132846374e+00
-7.107520607195783047e-02
7.607786607246939781e+00
-4.718612957251091089e+00
-3.953689791891667582e+00
2.710971937368473306e+00
1.384828402282018089e+00
-4.881875183828805476e-01
5.306877816635062750e-01
-3.098499577579833186e+00
-3.488818627086994084e+00
-2.070337149611194860e+00
-1.784352568113649840e+00
-4.061547504994411639e-02
-9.569897137170868540e-02
6.803159539364416197e+00
2.857603241173247710e-01
7.769440696530659496e-01
1.115865260682835647e+00
5.763320312282819380e+00
-4.180534947750711439e+00
3.185825577462924940e+00
-7.656917450771074662e+00
-4.655490067788529807e+00
-3.415311301772929298e+00
3.650052294670524389e-01
6.838687634477429000e+00
4.404148693974723194e-01
-4.019723410328825963e+00
6.621548987163758504e+00
2.159285360958842048e+00
1.357136132465514233e+00
1.459645688579786604e+00
-6.865312230368778579e+00
3.534564719873876548e+00
2.325237923785199445e+00
3.536757363450889535e+00
-1.297283572108114624e+00
-4.360878123334956946e+00
6.303387610177699774e-01
-9.116155508551937459e-02
1.581346860317623726e+00
2.646109598258501450e+00
3.123661861610501411e+00
-3.622231256400012533e+00
-6.820748679578492180e-01
7.893980315839219664e+00
-1.757142835905544542e+00
2.307845825092230463e+00
1.719228186954572468e+00
-3.897969342738410781e+00
1.296094480592923315e+00
-2.138020947677257588e+00
3.051994409346280301e-01
-2.054185263559179297e+00
5.242849894916795428e+00
-6.663499120245111484e+00
-1.096815724152482296e-01
-4.603927001141286723e+00
-1.994022690862048419e-01
-3.020613990647454727e+00
1.171997003797183190e+00
-3.121223046963129910e+00
5.264899545850606266e+00
3.510701644913868935e-01
-4.415346354640458770e+00
3.607654915051412559e+00
3.261045894428617586e+00
1.540785356230997216e+00
-3.536894905280305146e+00
-2.126009306091625639e+00
-9.015098247900299455e-01
-3.958023786451909665e-01
5.560807583688323952e+00
3.132296095658070101e+00
4.125117317324391131e+00
6.264985929257342434e+00
7.237934335010095532e-01
-1.847037252224599024e+00
-1.199338552603790964e+00
3.902329254270803460e+00
7.247097962138949745e-01
2.561711306599631754e+00
-7.015464548053949034e-01
1.999160321281542974e+00
-2.252747472206640289e+00
-3.923937935360344298e-02
4.853414558458826633e+00
-3.449111264825386325e-01
-2.953237301076354626e+00
-4.103632435017086522e+00
-3.419814117476294157e-02
2.862879877714989085e+00
1.127950221105697759e+00
-4.189707363286868436e+00
-9.303670250926973750e+00
7.377402692262243988e+00
-2.456787816020220561e+00
-8.162372843619878360e-01
1.075807142239446623e+00
-3.534486509251661523e+00
4.562388090971008503e-01
4.939457578907154200e+00
8.635644403562183768e+00
4.503167105149176841e+00
2.481891235612749824e+00
-2.349089947518277377e+00
-4.944821891420758675e-02
-2.136948846341548691e-01
2.035650007335817691e+00
7.113804041242630660e+00
1.251560063405723788e+00
3.017378875101622171e+00
4.092842879976920756e+00
4.241953318905736126e+00
-3.290620365520962487e+00
-1.075631699125116469e+00
8.130366595191562684e-02
-1.267897331772135372e+00
3.393390969605230012e+00
2.518628260918204242e-01
5.697584845333634185e+00
3.388380676742881903e+00
-2.674661351693824685e+00
-6.896966535886524419e+00
-6.442643061889410383e-01
-6.254477067620431985e-01
4.720787500142842319e+00
4.686647257962013313e+00
5.161845390546651480e+00
2.451535621517261454e+00
-4.216709494983494011e+00
-5.558994451657505387e+00
2.289190261780750912e+00
8.279754901925668875e+00
-4.309852395989996587e+00
-7.029653035760357938e+00
-3.683415392476722339e+00
3.869845728497450565e+00
6.713222437872366832e+00
1.918542375919614740e+00
-4.355511081809676277e+00
-3.374412425831931017e+00
1.783607824974068556e+00
-9.540582813916069771e-01
2.590900301355667956e+00
-9.219778261376518902e-01
-3.549457796946472676e+00
1.485465255071373170e+00
8.895149383455513981e-02
-3.617600808057102491e+00
7.957681851205061774e-01
-3.865571646369398096e+00
-2.953759790115060291e-01
-1.403394554780426740e+00
6.419434161603972733e+00
-1.020417093666191821e+00
7.705565893457051452e+00
-1.890861392349052483e-02
3.288739166310068462e+00
-4.198721378685530858e+00
7.664431424367379897e+00
2.027954664646626881e+00
2.932768320874492574e+00
7.081318254991707528e-01
5.258487005940996717e+00
3.906954665862341081e+00
3.203203194084675687e+00
7.698260713079089435e+00
9.405563548604536361e-01
-2.396625240065011209e-01
3.427646024887015308e+00
8.707493361752822736e+00
3.106530599259923697e+00
4.774419503273783505e+00
1.754310451943879468e+00
-1.233429588252798359e+00
1.902526467489799922e+00
7.629817981138926619e-01
7.758248961825213286e+00
7.261547725570399514e+00
5.184866236575244258e+00
4.156607464155229081e+00
-2.483235594026607096e-01
-1.331773010113638245e+00
3.920071298094219614e+00
-1.648270583060935657e-01
-5.047553296708155557e+00
3.739985437583907668e+00
-4.065048116139593049e+00
-2.549292283505550927e+00
8.647630598928904178e+00
2.679346669857602947e-01
-7.733428397924963171e+00
9.520499860096812705e-01
5.170710128242965276e+00
8.255772754941287372e-01
-1.785826380732644436e+00
3.254922418250680849e+00
5.501316054340649409e+00
-3.643516668594667607e+00
2.144120894543433131e+00
7.073233765953711227e+00
3.177057075397896391e+00
-5.860198317226953613e+00
1.368381035578146498e+00
2.394697747022788148e-01
-2.624694492197219287e-01
-6.493648438485529084e+00
4.018228409576269478e+00
-8.998201823204505789e-01
-3.638619763329639767e+00
-6.558468763560711956e-01
-7.810545303362010916e-01
3.014219455825950966e+00
-5.532307992332158086e+00
5.745109122347624719e+00
-3.966372026583136368e+00
-3.964833842357464722e-01
8.878754703460769448e+00
-2.367238988202120531e-01
-2.775866970788464450e+00
7.075161686601559863e-01
6.287096754387558661e+00
4.589999289285024986e+00
-4.018240729514663379e+00
7.871034261311758984e-01
6.099012255001809102e+00
3.997371707363890359e+00
-8.850865977507247351e-01
5.961902178340937830e+00
-3.361868690268641657e+00
2.393857956146307142e+00
-3.569107425284363089e+00
7.450447854386310631e-01
-2.229003224131099081e+00
4.215202210101049118e+00
1.743507315227648569e+00
-5.576190328653662931e-01
9.302658390307525949e+00
6.206418321884566991e-01
5.972907142912005085e+00
1.167363263206385282e+00
1.531880719151495374e+00
1.725547217558603519e+00
7.338832509188639719e+00
2.271423216729535177e+00
3.779578324718368521e+00
-2.175873482180388230e+00
3.074161146819712975e+00
2.136495558515779436e+00
-8.223452034863449889e-01
-4.900401719199426687e+00
2.800047906941053100e+00
-4.158749334911179041e+00
6.037302502341164612e+00
1.109277133267166260e+00
-1.786201016234771233e+00
3.585673563839560707e+00
-2.197737048280359318e+00
4.338910771435739555e+00
2.953718135957723590e+00
-1.407876347063661049e+00
5.219043575192230833e+00
2.014483576578847135e+00
-3.127885716820155260e+00
-5.693728031420619562e-01
5.505654663955645844e-01
-1.551161390798534212e+00
-8.726140737432597216e-02
4.144038815263757947e+00
-1.222936696986524074e+00
-2.689135516170790829e-01
1.557327538534796663e+00
-4.141639528209124510e-01
6.638983922731661602e-01
2.361084818949294561e+00
3.579734030030588876e+00
5.369765303197159945e+00
5.529288885337994230e+00
2.846484830885468220e+00
1.398656526522206178e+00
5.905556679634899275e+00
3.175872748116217892e+00
5.437978830023855181e+00
1.119965005743656938e+01
4.279934670602130176e-01
3.720316355817828935e+00
1.941013621486022522e+00
-1.976752118058622276e-02
-2.233104741328259202e+00
-1.795508137235454216e+00
4.986160768918004749e+00
-1.521151424642054328e+00
-2.988559839541323093e+00
4.600295525548121489e+00
-9.484122098316458693e-01
2.014244021612247693e+00
3.415690338835110751e+00
-3.724667159651195991e-02
3.517095177533711703e-01
-1.654036850682116144e+00
3.561845302861135210e+00
8.749645808994969132e-01
4.544395249019995475e+00
1.270947228100666848e+00
8.698242368887565412e-01
-2.012350149778651343e+00
2.782274606845127618e-01
1.668527542464069313e+00
1.131446275768855037e+00
2.389308242383619607e+00
1.474004145076486250e+00
-2.925784007240014084e+00
6.383566019116674317e-01
2.180888850901435028e+00
6.530722134005194413e+00
-1.061762599915178518e+00
9.962333110185662699e-01
1.343217726612808693e+00
-1.898408646003850508e+00
-1.004490802557715945e-01
1.689752671207107593e-01
8.680919325431103672e+00
1.801716560468509476e+00
7.073332783177931127e+00
9.111395785535103542e-02
7.238595410969585586e+00
5.501326250752543778e+00
1.270009271084064473e+00
-5.868326677896549270e-01
-1.526305268579121188e-01
2.335200649852107624e+00
3.991733443831129158e+00
4.179234618796027867e+00
-5.752156202137246765e+00
4.460978930750520988e+00
1.212267417143894299e+00
-2.789061004973328650e+00
-3.327966592495381626e-01
1.423039941318509527e+00
5.609732054398852696e-01
-1.621372729443016913e+00
4.535612414983063445e+00
5.485345920430821032e+00
-7.783920702773598599e+00
-1.006134607443464501e+00
9.435120953021299828e-01
5.233274568531065540e+00
-2.497789803922510821e+00
1.325098761505514755e+00
3.152206876167143790e+00
-6.153389747419585554e+00
2.709809566401270686e+00
-1.510267359019664690e-01
-7.371458647706321532e-01
6.184783483605118093e+00
5.893846044936634776e-01
-4.394085014927124000e+00
8.612489912356284805e+00
-1.855187438990627102e+00
7.509112702311575571e-01
4.363863420688510741e-01
3.441566628519715287e+00
-3.268731950801982755e+00
6.198857655335625161e+00
-2.712379001003929702e+00
-2.147337331409404193e+00
5.271328930190309237e+00
-2.190262722109662441e+00
1.929389778867037331e+00
-2.491666599249827030e+00
-2.380962653891717018e+00
4.716644065086202708e+00
-7.489531133153650710e-01
-5.045481123682979963e+00
-1.894029026329599352e+00
2.043814408908611657e+00
-4.115071110542555033e+00
5.456818496682158681e-01
-4.321067184256950355e-01
-8.153291902606317976e+00
8.704599197664173449e-01
-6.419067647044952807e+00
-2.141358238127783586e+00
1.167682828456521493e+00
-3.097267490897105624e+00
-4.256884348542655516e+00
6.366692401216454300e+00
-2.652854680299232548e+00
-4.102960521126546745e+00
3.019181698864051633e+00
2.297220608320381885e+00
-2.320921358215137786e-01
6.412434389575122573e+00
-1.115690733697642267e+00
-4.757692863485489809e+00
-1.010084304289089374e+01
6.401565604601580972e+00
2.556215421940131183e+00
-1.488099966198044077e+00
7.066066960913574002e-01
3.877805236920051080e+00
5.167842547887857574e-02
7.733945963073725949e+00
-2.088174292813989474e+00
1.647510935079993022e+00
-1.442438176026171304e+00
5.229964845343216595e+00
-2.896570621894540842e+00
-3.154668147091455488e+00
3.897156642310334873e-01
-6.027009721068656845e-01
2.289213617827063452e+00
8.000592381221270699e+00
2.435315988442036783e+00
-5.663810312393811053e+00
4.790978520305987587e+00
3.984565577652731116e-01
1.996509079479180659e+00
2.737778300575863355e+00
-1.584055904914211110e+00
7.877274865468651299e+00
-2.351331254819777783e+00
1.644874113200545995e+00
-8.498660549099536610e+00
2.700217840442417305e+00
-4.453725277451687781e-01
6.379567709635761474e+00
3.259742689791503167e+00
-8.453291552473157111e+00
3.098498696529000895e+00
2.075706000376498217e-01
-8.909406973242433025e-01
3.279652380030933401e+00
2.125391025254662836e+00
-5.372877356470009858e+00
-9.155501032919495241e-01
-3.834720311910806423e+00
-5.030052139019361768e+00
1.029441812673113077e+00
-2.418095368439987070e+00
3.922641944340512055e+00
4.545779248629231439e+00
-9.442926643574567791e+00
2.158426158606180145e+00
-1.815436101830759652e+00
-8.256411285561432223e+00
9.933961523352328182e-01
2.273231946141514470e+00
-1.157800707641609694e-01
3.484684648304324561e+00
2.390679739793206693e+00
-3.901124388703373747e+00
-2.251027418927286305e+00
5.384643190068474361e+00
-1.627572174030387009e+00
2.914765327819275775e+00
5.768031653061861386e-01
-1.164044732055380393e-02
-1.529888758572975460e+00
-2.667153668548301049e+00
6.657016231016533725e-01
1.308405610476683911e+00
7.264120336385462284e-01
5.099027578413337647e-01
-3.968577222984583486e+00
8.037502834510657834e+00
-7.850176664635835078e-01
5.519179458389244175e+00
4.284774281171922494e-01
-3.445913180704120116e+00
2.228388342275243073e+00
8.068495142682919896e-01
4.283402634787154106e+00
-3.480356045385258668e+00
4.445765156805940421e+00
-5.948266393674121133e+00
-1.209843585437720082e+00
-1.891212623344720400e+00
5.552786115279804591e+00
5.024231850246466680e-01
3.749314919356128151e-02
3.989177391798454764e+00
-4.557659169460649196e+00
-1.042824243335247925e+00
4.749510194297891452e+00
6.328424785772599925e+00
5.887254467647960787e+00
7.107845583842617998e-01
1.886185955749539511e+00
-2.766725113665374991e+00
-5.007524971004682079e-01
-1.226132749959866652e+00
6.612428512693673266e-01
-8.016652453537517431e+00
4.560521876940025088e+00
-3.947706565859069983e+00
7.804574472321834655e-02
4.803664187363719584e+00
2.792510023268694574e+00
5.306337810726682314e+00
8.256317733567883010e+00
1.498885813003066669e+00
5.410422967691877361e+00
5.808161995680261036e-01
2.821678220328938114e-02
7.361175279717704356e+00
-5.794385660126486481e-01
5.265224197754370117e+00
4.068057368468199542e+00
3.239899899997361055e-01
-2.468745483362846826e+00
-1.557362551174381826e+00
-2.495612363251052734e+00
7.194421883401720397e-01
-7.196960699916754578e-02
4.987984828514117730e+00
4.543278666151453926e+00
3.892979618081071180e+00
1.551897384121917467e-01
-3.054620603030850035e+00
-3.336558854935108620e+00
-5.263726461459617312e+00
1.187183220252459037e+00
-8.144548925692614016e-01
1.222930139327121468e+00
2.559651955859702177e+00
5.926032248101780198e+00
7.342913254537288825e-01
-3.171953075613346051e+00
2.737779450264095082e+00
6.167325447080033385e+00
2.458429765400039102e+00
2.080954631050654591e+00
-5.226537104738107065e-01
7.356030619172293505e-01
1.330821238143168994e+00
5.933041135096080332e+00
-4.280333706044289421e+00
-2.398058156234508242e-01
3.306385916293437255e+00
1.598494798946211271e+00
1.102508783513376445e+00
-5.396898458527101816e+00
1.086760151846250855e+00
-3.094955637368255630e+00
5.571065087831452267e+00
2.119001778028969385e-01
-1.215730363319416307e+00
4.411654592008359188e+00
5.833981512442303341e+00
2.745732138510329268e+00
1.492195441715629123e+00
4.870967941866893192e+00
-2.125639868651187925e+00
3.226491525804632943e+00
-1.121083712407226596e+00
1.361027709788595885e+01
4.935190687410416999e+00
-2.336539773963826505e+00
5.952439705257834390e+00
-1.384242071186912559e+00
-2.765518820652145493e+00
-4.112025990204625892e+00
-1.323872915847210008e+00
-7.129683454443438428e-01
-2.565352908479195726e+00
-1.586387909674843888e+00
4.620340073448784501e+00
2.608947154426028092e+00
-3.620700189993434570e+00
1.019712827703932234e+01
4.895950253407636232e+00
-1.293818045187802523e+00
-1.660696575661340324e+00
6.832943993650506087e+00
-1.331127060112653693e+00
-3.088845009049587809e+00
1.065132276169078018e+00
3.232203028713501070e+00
-2.929081324232603478e+00
-1.971231159426047208e+00
-6.199764574772976822e-01
-2.314742392864141074e+00
4.130544101038208460e+00
2.976839424451446448e+00
5.505467813142818301e+00
-1.212414854061619751e+00
-2.303268922121016082e+00
-2.480177566527987487e+00
-6.114156924781122271e+00
-9.176899525362017584e+00
4.424031516602484615e+00
3.633111423933418349e-01
-1.463621190981591935e+00
4.500307581604062968e+00
3.360148295474101765e+00
3.790240405650779465e+00
6.306289713546910924e-01
5.202805307636210408e+00
1.136141297355668911e+01
-1.456396162612722422e+00
8.506413334499079992e-01
-1.182249699130969667e+00
-2.965291519468979509e+00
-2.275991049872843064e-01
-1.916675393145170547e+00
-3.341591172236245910e+00
5.973997709691285074e+00
-6.471804239203169384e-01
-5.187202749553215142e+00
4.216210489197806388e-01
1.041722524343196676e+00
4.694523006276416943e+00
6.112173731100934759e+00
1.013105906213162211e+00
1.012016423687682520e+00
5.688681259584634553e+00
-2.022870212986313199e+00
1.133171614343210232e-01
-8.004812774931244768e-01
3.650240690436985957e+00
-2.761200018515507892e+00
3.509673604143922709e+00
3.031314083638545487e-01
3.255822407431614884e+00
1.791690381423582945e+00
6.533968482849655812e-01
-3.029797080208056492e+00
-4.366634530453186169e-01
1.437615105025137341e-01
-2.687411634290850504e-01
5.693009692933277854e+00
-3.053725797006400455e+00
1.209245093825083384e+00
5.471039609877118570e-01
6.418278930878248412e-01
8.434953341036004915e+00
5.033268945320478194e-01
-4.283871763483015016e+00
-5.022761602074170550e-01
2.105571571074306148e-01
-7.414001464140840270e-03
-1.620779257748785840e+00
1.307311105508543569e+00
2.132316160134976046e-01
-3.434316412297817589e-01
-2.852932102125947722e+00
3.418915011417514194e+00
8.739372857462626598e+00
-6.407928798563261807e+00
3.565651638458864348e+00
1.542532664693422984e+00
9.117584323296150650e-01
3.027891797897447113e+00
4.817339841631525843e+00
3.682143978474253565e+00
5.457828746666016251e+00
-2.089166254548850077e+00
3.567558823932203138e-01
3.899208415937249206e-01
4.417802012733588413e+00
1.419514251484857326e+00
1.111378722967096166e+00
-4.276444015248998198e+00
1.929545794479158305e+00
4.568278832406462708e-01
1.009223891486258351e-01
6.016408948297716996e+00
-5.610280029426824022e-01
5.008166170812963891e+00
2.195783227503717017e-01
-2.075156751488492546e+00
2.679358354610172466e+00
8.383859775176187412e+00
-3.936063235271372918e+00
4.756834489393193088e+00
2.164965730751136963e+00
6.869807758829078459e-01
1.477892722460564023e+00
-4.755344988780696447e-02
4.901365271893662445e+00
4.847488017833434526e+00
2.352941992463395415e+00
1.552280208752845780e+00
-1.146547307275992189e+00
1.773283733678662211e+00
9.843014104554639321e-01
1.286909523424112356e+00
-2.707164897892323729e+00
-1.000395258760116368e+00
8.064508393377953777e-01
1.751987858038617674e+00
2.699751056102933866e+00
-1.328369414030035722e+00
1.612715263080410244e+00
6.216903162208947675e-01
2.575110684278375750e+00
-4.679765102042323655e+00
-1.128098032577570908e+00
-7.959608066349821431e-01
2.238705273790526640e+00
4.948737319089936193e+00
-1.138471301423842119e+00
4.083654030744519936e+00
-2.163160837869399167e+00
6.095464909503260920e+00
1.087755245563511997e+00
1.571369377642744425e+00
6.478995470242256971e-01
5.379281803779051963e+00
4.073282424489529596e+00
3.149714247305396064e+00
2.384626538989726541e+00
-2.007047498592545942e+00
-2.922632766245631508e+00
-2.900255300524667845e+00
-1.184712011759828654e+00
-9.191198602716411870e+00
4.986086879259173932e-01
-1.565872589403282999e+00
1.203422581282799886e+00
5.459451481308412291e+00
-5.446808729383141312e+00
4.267030067502273205e+00
2.597444927373355750e+00
3.018496473231732757e+00
2.286888150369481565e-02
-3.012027029518091759e+00
2.619501252020759896e+00
-2.929916691298029896e+00
-2.260799597938395245e+00
1.364894743402022659e+00
5.747684954757792397e+00
-8.811638577116718274e-01
-2.691726603031567855e+00
-3.166810458504021319e+00
1.179959647331678241e+00
1.897774780128911765e+00
-4.514568758400206328e+00
1.192448366440417074e+00
-4.571967956863178806e+00
-2.888882619715524847e+00
3.497671882936582710e-01
2.970922884927900576e+00
3.755313239791614244e+00
4.542389564623863230e+00
4.760923607059624807e+00
6.958538702594974978e+00
-3.879911324004940987e-01
2.646518284633137430e+00
3.623117980785338865e+00
3.683999897847408889e+00
4.000718701390314713e+00
-1.149148847911533711e+00
1.833895178284117078e+00
3.033876804708051544e+00
1.516621854780041412e-01
1.458201096998363644e+00
1.577000819102554185e-01
6.703449776787757663e+00
8.907282756164740078e+00
-5.383425743889460602e-01
-8.104324730828438295e-02
-1.932737906632209457e+00
5.310382350826790443e+00
2.205248915603674753e+00
-1.211786619946743526e+00
1.183225252842533548e-01
1.057914559231270868e+00
1.730465375910542836e+00
8.251521839557423021e+00
-2.561695879966113587e+00
-1.502012767743607702e+00
-9.108625532960821225e-01
8.113777285866149214e+00
-2.951978727605831132e+00
-1.762849714244810739e+00
4.611572442678392392e+00
-7.198619773289442136e+00
5.116320501678564447e+00
5.737083360751340066e+00
1.590089382150893016e+00
1.862796113878372184e+00
-1.980839205412806114e+00
3.310783958052358145e+00
3.417800279614074732e+00
7.342795189851319959e-01
-6.677953458612637672e-01
-4.210823528611602917e+00
4.536730618618067368e+00
-4.457337979462121957e+00
2.165316150720538069e+00
-6.693628593915434521e+00
-5.018188809168742992e+00
-4.959749511544960576e+00
1.225156160625053170e+00
4.893873385969459200e+00
6.439869891311529315e-01
-8.613379862943986609e+00
9.088939509093602043e-01
-8.139729956041037440e-01
6.830194534519247185e+00
5.878089722532908290e+00
3.599261329627449157e+00
4.497683837633694282e+00
5.723712382654414732e+00
-5.471354505656351730e-01
7.895551721247419330e+00
5.286520663638874851e+00
-5.389657247402881879e+00
-3.881457909920805527e+00
-3.504822566770561920e+00
9.910276945572183749e+00
3.981535901464473781e+00
3.866780604318317494e+00
4.867270792248475253e+00
6.853490937772981795e+00
2.420647138535407361e+00
2.553867790543550509e+00
-1.680615299742959534e+00
-6.156528935511360601e-01
1.444820116246715358e+00
8.254016542520931310e+00
5.365667238396594207e+00
3.572605221387338048e+00
5.682630541661439771e-01
2.510247316980647625e+00
-7.425229398010066539e+00
-3.180948460035079250e+00
-2.031582753128470031e+00
4.131617515071961400e+00
-4.444979685239398570e+00
5.616714269769404133e+00
3.931219293685071392e+00
-5.660990485939575656e+00
-2.025970369056538267e+00
1.456202410720539131e+00
2.245897789406384071e+00
-7.062731679463666090e+00
1.381849793186168185e+00
1.410321092966321022e+00
2.738644385820039329e-01
3.020933683057356767e+00
2.399189058286449239e+00
1.971385059774833026e+00
-3.724730038760624140e-01
3.638100407468725983e+00
-5.241300843866733672e+00
-2.757693138985624515e+00
-8.048273647131045649e-01
5.281140295760049952e+00
1.407006536561620225e-01
3.837696554912972680e+00
-4.859068462038394820e+00
7.660720866090575676e-01
5.572541998473170999e+00
2.031631164036000303e+00
1.608535892338893936e+00
-9.326559381363184187e-01
1.247985168545137746e+00
-4.640539595417051189e+00
3.098175793610848494e+00
7.325019377720790592e-01
6.690526552377341618e-01
-1.363568857864181361e-01
2.756412005315405089e+00
2.222855804494127119e-01
-7.693149348073119675e+00
1.055242140858045907e+00
4.755316206184192040e+00
9.505244870577460592e-01
-5.164278964774364766e+00
4.000297457535761936e+00
-2.442215469589190668e+00
-1.042755867428972749e-01
5.387258405964152175e+00
1.395812677133464019e+00
-1.744179164088855094e+00
-7.162045351934696047e-01
2.693046655784328003e+00
4.967092941221315172e+00
-9.960113628440852018e-01
-2.245156263779623629e+00
-4.073199812677831488e+00
3.818329672511930006e+00
6.247651795724771695e+00
-2.075281907164006068e-01
6.056285106400209450e+00
-2.051424468341910057e+00
1.395530237286050745e+00
-5.765882854488116216e+00
2.501534144026560824e+00
-1.023897371051839089e+00
3.162561880298508044e+00
1.145598852046460836e+00
2.053543515347304282e+00
-2.268422941065474596e+00
6.984783672508794172e-01
2.653799839604277011e+00
5.785325911683061761e+00
1.954427805839787258e+00
8.239758183360993415e-01
1.586553019703337064e+00
2.019943812993326482e+00
3.260334085014462424e+00
1.980307043043260995e+00
-2.116690111878607006e+00
-4.027800075624509368e+00
1.052057937178036440e+01
7.379067856827602467e-01
-7.936264658183329601e-01
-5.262007397120175511e+00
5.499924620531776220e+00
-7.668565378786534659e+00
-3.236544757566417907e+00
4.841385177006683804e+00
4.022752915206762481e+00
-1.776091737894807787e+00
9.561115702319151755e-01
-2.021017525650505853e-01
-1.353921814361237930e+00
2.170072958539940977e+00
1.795199251528758255e+00
-2.579905451094542279e+00
2.924449736806744582e+00
-3.070951130978110122e-01
-3.436152440215051840e+00
-6.931883617031384226e+00
3.321503307490580426e+00
5.643250114891966707e-01
-3.114479533647349641e+00
4.194220978952651890e+00
1.916599623045682987e+00
7.399091178310597261e-01
1.659232747979846767e+00
-1.011382854396576292e+01
1.049642632367002504e+00
-4.883212090202298405e+00
6.502646207548971269e+00
5.652983429493865231e+00
-2.092449733304578174e+00
1.507825450492675579e+00
2.139023855684543562e+00
8.226126459930995338e+00
-8.236146257930931913e-01
1.262535919666741613e+00
4.414925659745629893e+00
-4.932845649175594538e+00
-9.883417074388045620e+00
3.942238709777129202e+00
2.182366686673276046e+00
4.137691319661080946e+00
1.569101075089015085e+00
-5.095761444617651570e+00
3.070187652858498595e+00
-6.346920305585128652e-01
-2.297578432893830680e+00
-4.544228346483484948e+00
4.065842126192134032e+00
4.444833975466001341e+00
-3.644422792011199341e+00
5.557593693799705470e+00
2.053261012088287263e+00
-2.139815731442442637e-01
-1.665285704171335590e+00
2.669779816807805073e+00
3.155340050026498311e-01
3.321468475486817895e-01
5.550050561405740268e+00
-1.614318457611941371e+00
5.749440588665047258e+00
2.001335267766505943e+00
7.515990388023876534e+00
2.587438729166281259e+00
-2.856236386638466129e+00
-1.839308938739572019e+00
-1.679108211852702981e+00
4.204892827734636462e+00
2.488726412939177735e+00
-2.686673883425658715e+00
-9.907995318088407277e-01
-3.256070386513109760e+00
1.571228738722558749e+00
4.431586093824445571e-01
-3.708142601177890629e-01
-3.414549963317302428e+00
8.838390354671670224e+00
-1.619877543846327983e+00
3.686151080844426886e+00
-1.295039608798173481e+00
1.408220839518312451e+00
-2.194324239265973198e+00
7.291213251066244183e+00
-8.446319166328786210e-02
-3.232622774652087472e+00
7.808206345654051361e+00
-1.879212980240494657e+00
5.612535532231668789e+00
-5.795728326503211569e+00
3.206093997766020109e+00
-5.045648243428189517e+00
-4.129938019489163281e-01
-8.708797505466139288e-01
-1.801834049214311895e+00
5.360903197522768338e+00
-5.699899992124500159e+00
-4.113271541120160357e-01
-5.353194513085967721e+00
2.565503794959393957e+00
-2.481536819117449610e+00
6.446603743435947997e-01
-2.371151387937659116e+00
1.771411375518332498e+00
-5.612059283953312772e+00
-3.128007046879337949e+00
2.349701702397685388e+00
1.225258694330639164e+00
4.481106176257752538e-01
7.874206594974398898e-01
1.985566930376095440e+00
3.537615818197225259e+00
2.035652907953397595e+00
-2.758546444296060329e+00
3.804733447036779737e+00
7.951812329474608809e+00
-1.375532283548114298e+00
-8.392946675787161581e+00
-4.933362270527223536e+00
-5.825068252537166646e-01
-8.270399144230600186e-01
-3.353851205123743462e+00
8.130807369647323313e+00
6.084534193953025749e+00
3.653971562051668287e-01
6.884163275812984040e+00
1.567156524056281697e+00
7.677259075092844887e-01
2.556002624090254471e-01
3.702831378638059334e+00
2.709681617964506462e+00
-4.810028639096150194e+00
9.684445366269581745e-01
-6.322370635429665597e+00
-2.307788924384282403e+00
9.897071745035328050e+00
-2.494240816064541733e+00
-1.176068493539712989e+00
1.252806317115586099e+00
-6.552808561909897467e-01
4.907587297345577859e+00
5.624776264406269988e+00
9.412463665034580540e-01
4.184568318034981971e+00
3.805448490817755491e+00
-1.389374394414986780e+00
8.519186620540759591e-01
4.071553524579624828e+00
-4.327286537383639775e+00
-4.130150529221108258e+00
1.740864864646922472e+00
4.503968300291194105e+00
-4.530896454120414418e-03
1.243808563165257119e+00
-2.600533220656594757e+00
5.666008066751739847e+00
-2.705827372757138249e+00
4.436929471518271662e+00
-2.617188691397283939e+00
3.752219918047979164e+00
-8.110890824390468268e+00
-4.068041760343955815e+00
-9.235050486191200836e-01
6.807497819943050033e+00
-6.789443632315905752e-01
-2.976012568265197444e+00
3.927635138393176462e+00
-1.323225251090711430e+00
-1.437786988873424043e-02
4.947342864450412492e+00
-3.788212264771511073e+00
-3.977895947037866975e+00
-9.460063608572253369e-01
-5.140186262638828385e-01
3.770929178065389742e+00
7.205696914787386831e+00
3.816895095060632848e+00
-4.302128236656300508e+00
2.246303060362183857e+00
-2.370519850138196105e+00
-2.126996358643944873e+00
1.925119379381402762e+00
-8.908178950267670260e+00
-8.270489612984206929e+00
3.180320496933761731e+00
1.863288310671690873e+00
1.527074882490328189e+00
6.743201875009584567e-01
1.182056549840043935e+00
-1.307916114276579389e-01
4.055168403690445622e+00
-2.200428593538457100e+00
-2.341800866703820816e+00
-5.469336157799928877e-01
5.901531589331783234e-01
3.417041269280519877e+00
8.482261023001553824e+00
3.190831812814326263e+00
1.952777035084537260e+00
-2.345691609696616275e-01
-4.554647422454326744e+00
6.159934871515143406e+00
3.433226417464604552e+00
-1.165498921618032924e+00
-1.068628559974769798e+00
-3.506609636264751195e+00
1.398422044853915747e+00
6.234642145424813542e-01
-2.810902623372302678e+00
-1.941300612150526073e+00
4.962076703115982923e+00
4.579315230998630137e-01
-2.385259035085170787e+00
5.493165149591945351e+00
1.729459450195359516e+00
5.725999270289346299e+00
3.745981256469180565e+00
5.986395183406276743e+00
7.084262392466733615e+00
-2.614601608462457705e+00
-2.633728145383782859e+00
5.989262279813381440e+00
-3.402500326011284049e-01
3.161459469764574592e+00
1.240463960170707258e+00
5.830097908795691453e+00
2.590063009610706679e+00
-6.493951392657214328e+00
1.888141665563329186e+00
5.108017489968078806e+00
2.387142092358987888e+00
3.125642869994593731e+00
-3.364896997202845519e+00
-6.912824744836762569e+00
-9.325208736573744606e-01
8.950948773712674722e-02
2.407851569597420305e+00
1.581882333681040143e+00
-3.099083924359828934e+00
1.701508267295701149e+00
1.170576200230760922e+00
-8.124468599662142410e-01
2.239680779264019428e+00
-1.386895655288551632e+00
2.119823815021256941e+00
8.069843587886158076e+00
-9.448036312034799877e-01
9.906883337809091472e-01
-4.334719038195748553e+00
1.799956906143087121e+00
-1.195681222687772882e+00
2.448003806205930388e+00
1.889514460413919350e+00
-2.494069575123645244e+00
-3.034219809195016992e+00
-1.143851335999771068e+00
1.337550694819053199e+00
-6.653982937024258693e-01
2.582106571675614859e+00
8.732710298516721537e-02
-5.606970116156555939e+00
-8.786593722875464252e-01
1.887626384946551772e+00
-1.295581169382535647e+00
-5.219723593654880922e+00
-8.775165891417604502e-01
1.884849715550787730e+00
-2.502042262055073962e+00
-9.752719919751461575e+00
1.847953957786644841e+00
1.738314828806780676e+00
-1.142921381285012306e+00
4.318287272082043771e+00
6.097331791300542037e+00
-1.878767466369640315e+00
1.835979040624193592e+00
5.421637015984483998e-01
1.593333014790979663e+00
-4.620635187698515445e+00
7.123290332981941475e+00
-1.777177141822759543e+00
-1.496842708042915637e+00
4.536080750588116217e-01
2.212677869618500992e+00
-2.075319125589749625e-01
-4.997526036053685061e+00
4.838856434614065449e+00
3.334618993116882812e+00
-2.709314097842427493e+00
-1.113892588184235422e-01
1.449297591989977096e+00
1.883801440071789957e+00
-1.393516546957256574e+00
-2.810484541948166992e+00
-1.037395995861385423e+00
7.111043461239412444e+00
3.613979736072333360e+00
7.999649775533242968e-01
-1.166566824838817240e+00
2.634325790366801812e+00
-1.497427511674069178e+00
7.417190357139435086e+00
-3.681413939725828754e+00
-5.339650612321955592e-01
5.100395915470855579e-01
2.904457997572703398e+00
-1.314244686584781663e+00
6.586115843356835420e+00
-2.545787142646973145e+00
-1.260002871176670647e+00
4.029342169574316457e-01
9.641443252399714003e-01
-5.818874231496961258e+00
2.873965587769628627e+00
3.093517534632328925e+00
-2.303748379816282998e+00
-1.057951098259357847e+00
3.490885639785997085e+00
1.418301895581963290e+00
6.869101879501920749e+00
1.307051906846696809e+00
-2.821800020192985592e+00
-4.482480318188300394e+00
-4.221499688165786246e-01
-1.100860543120055768e-01
4.578954422510121525e+00
4.474786944805331679e+00
4.493098135507748836e+00
3.069257069666096349e+00
2.621956804282774112e+00
8.137725583653224737e-01
2.444051165662941116e+00
2.038818995762809116e+00
2.495327783782314235e+00
6.694223501220220029e+00
4.285963448036179457e+00
-1.033763786652069250e+00
2.225785245112439359e-01
-1.865961918568257216e+00
5.846144252054111590e+00
4.415254781110179216e+00
2.840438780808382191e+00
4.524588805597447028e+00
3.026472552983466180e+00
6.635218918282901335e-01
1.823661755618174229e+00
-4.940996247476148184e-01
-1.475496008778571566e+00
-3.620210646287589817e+00
3.390173394167966814e-01
-1.883634572428024123e+00
2.382483156313349504e+00
-2.636176294959135191e+00
2.336064989615267429e+00
3.081055630634888409e+00
-1.187206558692301517e+00
-1.182000104043632982e+00
-2.789478896142554287e-01
2.514968913656247196e+00
2.393576981847650664e+00
-2.524882218483883278e+00
2.771409081110022044e+00
9.575479933576580560e-02
2.944686231834740653e+00
-1.686549936081991552e+00
1.590500207734176774e+00
3.328793897390627698e+00
1.721402062503150976e+00
6.396187602373333725e+00
-2.642736328275496760e-01
5.464444270305532925e-01
3.881877368578636300e+00
5.677620284847366694e-01
-1.027796852863860133e+00
2.235907295046742238e+00
-3.178339847620978986e-01
3.608827721161836699e+00
4.629099229334971533e+00
3.047981307516859140e+00
1.164682500925577679e+00
-6.833012864812217924e-01
-3.458679882952917506e-01
-4.243596360144344715e+00
5.333613129632563954e+00
-2.762332094655851833e+00
-2.576826952211159316e+00
3.941688639385223070e+00
1.943538674780310949e+00
-3.063692074189577674e+00
1.286721364494465503e+00
4.087593278106770311e-01
1.539770559572865238e+00
-3.525596391068520852e+00
-2.060076241793050933e+00
3.806085961667905693e+00
-7.356960573912896262e-01
-1.272434649643541471e+00
-1.964778496111559969e-01
3.390340150808536457e+00
2.411420544420979528e+00
-2.161200341932430824e+00
4.104961655954329380e+00
-2.882976094359807284e+00
-5.229932594961665959e-01
2.422489220059062198e+00
9.476282467142010946e-01
-1.443018186763223687e+00
-3.317587892757787316e-01
2.870122294645670813e+00
1.241432060443845131e+00
-6.633802324847111187e-01
-9.035312740469882975e-01
-5.928137284489061187e-01
-1.705675996934590932e+00
-2.079772801208932265e+00
5.203955412955919790e+00
6.411433675224612827e+00
1.353221456865572936e+00
4.760592638329840809e-01
1.945619745929104027e+00
2.568613953553569473e+00
1.399746531177338049e+00
-3.062885054074047098e-01
2.062892556303814739e+00
-6.609132729861028288e+00
5.187159596643209802e+00
5.666031333772493461e+00
-2.290635553873212604e-01
-8.825319344034745495e-01
3.623323221319986409e+00
-4.868881675609787685e+00
-1.763673592684588121e+00
-1.124314654620954146e+00
5.251094519138360006e+00
-4.544193358557182982e+00
5.531324090613798372e-01
-1.730496500585819275e+00
1.150473027381660174e+01
-9.306793912218973563e-01
-2.368843771939284082e+00
-1.103497716660813754e+00
8.458826823867438005e-01
-3.816608946141595737e+00
6.968356745915292194e+00
7.528874154308573985e+00
2.361195917207218109e+00
5.904876208155534378e+00
2.489209788885125008e-01
-2.272187550981945581e-01
2.234763773940545928e+00
1.124762973961865864e-01
-3.321914703478453745e+00
-2.355822020593761223e+00
3.899672702928826062e+00
-3.054966259231495229e+00
4.582809652861726812e-01
9.733177827735403298e+00
-5.112298415492454673e+00
-2.819119509373130050e+00
2.293985382190657951e+00
1.736754356312319114e+00
2.700771291456065981e+00
-1.076397859628608522e+01
3.183518438761863689e-01
-3.637983689786195463e+00
2.042450867114730784e+00
3.426226993906525409e-01
-5.029266235540037933e+00
-4.620773636795680872e-01
-2.065722249491546592e+00
-2.680254771994996510e-01
-3.265214694560125253e+00
9.789280001888038818e-01
2.724546729283176205e+00
1.114308546203097938e+00
1.698314305601427154e+00
2.586110575357110086e-01
-3.739377013940281547e-01
1.677380891937883645e+00
-7.036889837294167727e+00
-3.692057746704459298e+00
1.836442345743676041e+00
4.508785253318288611e+00
-1.450634785941272265e+00
-7.132756491973368806e-01
-3.601061859031493562e+00
5.258465233442692899e-01
-5.266013862821394831e+00
7.293594328951189532e+00
5.021498663501611226e+00
-9.472273195457776573e-01
1.667382371820533171e+00
-1.343323339591573573e+00
-1.106896170837800009e+00
4.386634780255599608e+00
1.037932319409178517e+00
-4.774250914310357530e+00
2.191751438161843701e+00
-1.019273771009927554e+00
1.033040872998248538e+01
6.121368251442747876e+00
-4.367679937747722008e+00
-9.898127925170410180e-01
2.342166210877468124e+00
3.235118118772580154e+00
1.048003856534666545e+00
-1.224191788434266792e+00
5.320252950355086163e+00
-1.194822038005898257e+00
3.295401566939463400e+00
5.591948160217119490e-01
5.721177328599151402e+00
1.248980050441939715e+00
-3.641014828657741731e+00
-9.160067472248304199e+00
9.924144003107997491e-01
-5.472575865298108244e-01
1.384459724917475487e+00
6.411927134474988854e+00
-1.090788920678958274e+00
3.992885217856613878e+00
-5.713681124087605312e+00
1.024671588728318206e+00
-1.300408488966701581e+00
-1.731958388010792715e+00
1.032188205150669669e+00
-2.342309165318017250e+00
-1.054428172841129552e+00
6.503963077642609392e+00
1.881185015500190350e+00
6.638785618846414494e-01
-4.923704595405632212e+00
7.570300540605236606e+00
5.477119924585386102e+00
9.631811022765015551e+00
2.576887663052727540e+00
2.040061367378670276e+00
3.424203507398158486e+00
-4.644097281666915933e+00
-4.432562922386753534e-01
-4.648814330185924160e-02
2.272012641948212952e+00
-2.933626091211237963e+00
-1.469239044911892167e+00
6.062505071226819808e+00
-1.555000953795352858e+00
1.595223087726519218e+00
8.836072648265833607e+00
6.809965913778933677e-01
3.760394195610262003e+00
-3.815122129663581774e+00
2.538077110343543108e+00
3.778784549084891253e+00
-3.308733173593259025e+00
-1.571604661641111234e+00
2.263455632863558442e+00
2.398976698508778149e+00
6.018892477868061697e+00
1.817808923081115857e+00
1.244922149513991938e+00
3.792358668786163456e+00
-1.548560704559595491e+00
-2.718116801983194719e-02
-1.117264643668527624e+00
-1.368661419465314610e-01
-1.959658056025244122e-01
9.951017020634223442e+00
-7.000588770789724080e+00
-2.236969998365593959e+00
2.351121443305557168e+00
2.571534618462047117e+00
4.700105573575163120e+00
-4.336548769440913276e+00
5.318657555839314099e+00
4.105071375643201570e+00
3.494012678195326238e+00
-1.176281966301736315e+00
-1.456215875879110166e+00
5.133021493605797403e+00
2.170855549974489485e+00
-3.912457969460309215e+00
-6.774379099438100127e+00
-4.177001707739607994e+00
-2.711737521837556120e-01
4.931592616017042019e+00
4.563468525410999455e+00
-4.365618971965670170e-01
1.311945077587601372e+00
5.264231390234658470e+00
1.216294352794424105e+00
4.516518410439404718e+00
9.358740481262003641e+00
2.502912339240313866e+00
2.888408746810543271e+00
4.240664549773600633e-01
3.982740160115483263e+00
-5.626151781471854463e+00
2.313981917942955935e+00
-3.374797008436775769e+00
-2.431670188819811784e+00
-1.900896258945883988e+00
1.734655661575231544e+00
-2.529211233577570717e-01
2.109573836662993251e+00
9.398596087497964602e-01
5.622493588060059722e+00
4.071776216060873921e-02
2.364283749957865943e+00
1.163144585207349424e+00
-7.630450174843407929e+00
3.791090866207805554e+00
-7.101688664324934397e-01
-5.272435528281691486e-01
1.428564805772325474e-01
-2.715901110453766698e+00
-4.117424431088956283e+00
-7.023205551317197592e-01
-6.391354000552601278e+00
-2.014657942113589506e+00
4.454941879458425014e+00
6.055523570600385153e-01
5.167865276101498040e+00
6.001085674618780175e+00
-1.716003439503041017e-01
2.312299923436367699e+00
3.935799847721363598e+00
5.043986792982099177e-01
4.222422865584342766e+00
1.382569333689587676e+00
2.932847641675784267e+00
3.256891080004719718e+00
3.821318608501949932e+00
-1.416238555882689321e+00
6.543516412087629242e+00
5.967391987559318434e-01
1.551126675633645036e+00
-2.334842120354845285e+00
2.692311418996351513e-01
3.469063725964034006e+00
-2.925402049464753240e+00
-2.891313190119120691e+00
1.406563504502349016e+00
3.675495066647076037e+00
-3.420403964012322717e+00
2.095681295383864384e-01
-3.074942708726619678e+00
0.000000000000000000e+00
0.000000000000000000e+00
0.000000000000000000e+00
0.000000000000000000e+00
0.000000000000000000e+00
0.000000000000000000e+00
0.000000000000000000e+00
0.000000000000000000e+00
0.000000000000000000e+00
0.000000000000000000e+00
0.000000000000000000e+00
0.000000000000000000e+00
0.000000000000000000e+00
0.000000000000000000e+00
0.000000000000000000e+00
0.000000000000000000e+00
0.000000000000000000e+00
0.000000000000000000e+00
0.000000000000000000e+00
0.000000000000000000e+00
0.000000000000000000e+00
0.000000000000000000e+00
0.000000000000000000e+00
0.000000000000000000e+00
0.000000000000000000e+00
0.000000000000000000e+00
0.000000000000000000e+00
0.000000000000000000e+00
0.000000000000000000e+00
0.000000000000000000e+00
0.000000000000000000e+00
0.000000000000000000e+00
0.000000000000000000e+00
0.000000000000000000e+00
0.000000000000000000e+00
0.000000000000000000e+00
0.000000000000000000e+00
0.000000000000000000e+00
0.000000000000000000e+00
0.000000000000000000e+00
0.000000000000000000e+00
0.000000000000000000e+00
0.000000000000000000e+00
0.000000000000000000e+00
0.000000000000000000e+00
0.000000000000000000e+00
0.000000000000000000e+00
0.000000000000000000e+00
0.000000000000000000e+00
0.000000000000000000e+00
0.000000000000000000e+00
0.000000000000000000e+00
0.000000000000000000e+00
0.000000000000000000e+00
0.000000000000000000e+00
0.000000000000000000e+00
0.000000000000000000e+00
0.000000000000000000e+00
0.000000000000000000e+00
0.000000000000000000e+00
0.000000000000000000e+00
0.000000000000000000e+00
0.000000000000000000e+00
0.000000000000000000e+00
0.000000000000000000e+00
0.000000000000000000e+00
0.000000000000000000e+00
0.000000000000000000e+00
0.000000000000000000e+00
0.000000000000000000e+00
0.000000000000000000e+00
0.000000000000000000e+00
0.000000000000000000e+00
0.000000000000000000e+00
0.000000000000000000e+00
0.000000000000000000e+00
0.000000000000000000e+00
0.000000000000000000e+00
0.000000000000000000e+00
0.000000000000000000e+00
0.000000000000000000e+00
0.000000000000000000e+00
0.000000000000000000e+00
0.000000000000000000e+00
0.000000000000000000e+00
0.000000000000000000e+00
0.000000000000000000e+00
0.000000000000000000e+00
0.000000000000000000e+00
0.000000000000000000e+00
0.000000000000000000e+00
0.000000000000000000e+00
0.000000000000000000e+00
0.000000000000000000e+00
0.000000000000000000e+00
0.000000000000000000e+00
0.000000000000000000e+00
0.000000000000000000e+00
0.000000000000000000e+00
0.000000000000000000e+00
0.000000000000000000e+00
0.000000000000000000e+00
0.000000000000000000e+00
0.000000000000000000e+00
0.000000000000000000e+00
0.000000000000000000e+00
0.000000000000000000e+00
0.000000000000000000e+00
0.000000000000000000e+00
0.000000000000000000e+00
0.000000000000000000e+00
0.000000000000000000e+00
0.000000000000000000e+00
0.000000000000000000e+00
0.000000000000000000e+00
0.000000000000000000e+00
0.000000000000000000e+00
0.000000000000000000e+00
0.000000000000000000e+00
0.000000000000000000e+00
0.000000000000000000e+00
0.000000000000000000e+00
0.000000000000000000e+00
0.000000000000000000e+00
0.000000000000000000e+00
0.000000000000000000e+00
0.000000000000000000e+00
0.000000000000000000e+00
0.000000000000000000e+00
0.000000000000000000e+00
0.000000000000000000e+00
0.000000000000000000e+00
0.000000000000000000e+00
0.000000000000000000e+00
0.000000000000000000e+00
0.000000000000000000e+00
0.000000000000000000e+00
0.000000000000000000e+00
0.000000000000000000e+00
0.000000000000000000e+00
0.000000000000000000e+00
0.000000000000000000e+00
0.000000000000000000e+00
0.000000000000000000e+00
0.000000000000000000e+00
0.000000000000000000e+00
0.000000000000000000e+00
0.000000000000000000e+00
0.000000000000000000e+00
0.000000000000000000e+00
0.000000000000000000e+00
0.000000000000000000e+00
0.000000000000000000e+00
0.000000000000000000e+00
0.000000000000000000e+00
0.000000000000000000e+00
0.000000000000000000e+00
0.000000000000000000e+00
0.000000000000000000e+00
0.000000000000000000e+00
0.000000000000000000e+00
0.000000000000000000e+00
0.000000000000000000e+00
0.000000000000000000e+00
0.000000000000000000e+00
0.000000000000000000e+00
0.000000000000000000e+00
0.000000000000000000e+00
0.000000000000000000e+00
0.000000000000000000e+00
0.000000000000000000e+00
0.000000000000000000e+00
0.000000000000000000e+00
0.000000000000000000e+00
0.000000000000000000e+00
0.000000000000000000e+00
0.000000000000000000e+00
0.000000000000000000e+00
0.000000000000000000e+00
0.000000000000000000e+00
0.000000000000000000e+00
0.000000000000000000e+00
0.000000000000000000e+00
0.000000000000000000e+00
0.000000000000000000e+00
0.000000000000000000e+00
0.000000000000000000e+00
0.000000000000000000e+00
0.000000000000000000e+00
0.000000000000000000e+00
0.000000000000000000e+00
0.000000000000000000e+00
0.000000000000000000e+00
0.000000000000000000e+00
0.000000000000000000e+00
0.000000000000000000e+00
0.000000000000000000e+00
0.000000000000000000e+00
0.000000000000000000e+00
0.000000000000000000e+00
0.000000000000000000e+00
0.000000000000000000e+00
0.000000000000000000e+00
0.000000000000000000e+00
0.000000000000000000e+00
0.000000000000000000e+00
0.000000000000000000e+00
0.000000000000000000e+00
0.000000000000000000e+00
0.000000000000000000e+00
0.000000000000000000e+00
0.000000000000000000e+00
0.000000000000000000e+00
0.000000000000000000e+00
0.000000000000000000e+00
0.000000000000000000e+00
0.000000000000000000e+00
0.000000000000000000e+00
0.000000000000000000e+00
0.000000000000000000e+00
0.000000000000000000e+00
0.000000000000000000e+00
0.000000000000000000e+00
0.000000000000000000e+00
0.000000000000000000e+00
0.000000000000000000e+00
0.000000000000000000e+00
0.000000000000000000e+00
0.000000000000000000e+00
0.000000000000000000e+00
0.000000000000000000e+00
0.000000000000000000e+00
0.000000000000000000e+00
0.000000000000000000e+00
0.000000000000000000e+00
0.000000000000000000e+00
0.000000000000000000e+00
0.000000000000000000e+00
0.000000000000000000e+00
0.000000000000000000e+00
0.000000000000000000e+00
0.000000000000000000e+00
0.000000000000000000e+00
0.000000000000000000e+00
0.000000000000000000e+00
0.000000000000000000e+00
0.000000000000000000e+00
0.000000000000000000e+00
0.000000000000000000e+00
0.000000000000000000e+00
0.000000000000000000e+00
0.000000000000000000e+00
0.000000000000000000e+00
0.000000000000000000e+00
0.000000000000000000e+00
0.000000000000000000e+00
0.000000000000000000e+00
0.000000000000000000e+00
0.000000000000000000e+00
0.000000000000000000e+00
0.000000000000000000e+00
0.000000000000000000e+00
0.000000000000000000e+00
0.000000000000000000e+00
0.000000000000000000e+00
0.000000000000000000e+00
0.000000000000000000e+00
0.000000000000000000e+00
0.000000000000000000e+00
0.000000000000000000e+00
0.000000000000000000e+00
0.000000000000000000e+00
0.000000000000000000e+00
0.000000000000000000e+00
0.000000000000000000e+00
0.000000000000000000e+00
0.000000000000000000e+00
0.000000000000000000e+00
0.000000000000000000e+00
0.000000000000000000e+00
0.000000000000000000e+00
0.000000000000000000e+00
0.000000000000000000e+00
0.000000000000000000e+00
0.000000000000000000e+00
0.000000000000000000e+00
0.000000000000000000e+00
0.000000000000000000e+00
0.000000000000000000e+00
0.000000000000000000e+00
0.000000000000000000e+00
0.000000000000000000e+00
0.000000000000000000e+00
0.000000000000000000e+00
0.000000000000000000e+00
0.000000000000000000e+00
0.000000000000000000e+00
0.000000000000000000e+00
0.000000000000000000e+00
0.000000000000000000e+00
0.000000000000000000e+00
0.000000000000000000e+00
0.000000000000000000e+00
0.000000000000000000e+00
0.000000000000000000e+00
0.000000000000000000e+00
0.000000000000000000e+00
0.000000000000000000e+00
0.000000000000000000e+00
0.000000000000000000e+00
0.000000000000000000e+00
0.000000000000000000e+00
0.000000000000000000e+00
0.000000000000000000e+00
0.000000000000000000e+00
0.000000000000000000e+00
0.000000000000000000e+00
0.000000000000000000e+00
0.000000000000000000e+00
0.000000000000000000e+00
0.000000000000000000e+00
0.000000000000000000e+00
0.000000000000000000e+00
0.000000000000000000e+00
0.000000000000000000e+00
0.000000000000000000e+00
0.000000000000000000e+00
0.000000000000000000e+00
0.000000000000000000e+00
0.000000000000000000e+00
0.000000000000000000e+00
0.000000000000000000e+00
0.000000000000000000e+00
0.000000000000000000e+00
0.000000000000000000e+00
0.000000000000000000e+00
0.000000000000000000e+00
0.000000000000000000e+00
0.000000000000000000e+00
0.000000000000000000e+00
0.000000000000000000e+00
0.000000000000000000e+00
0.000000000000000000e+00
0.000000000000000000e+00
0.000000000000000000e+00
0.000000000000000000e+00
0.000000000000000000e+00
0.000000000000000000e+00
0.000000000000000000e+00
0.000000000000000000e+00
0.000000000000000000e+00
0.000000000000000000e+00
0.000000000000000000e+00
0.000000000000000000e+00
0.000000000000000000e+00
0.000000000000000000e+00
0.000000000000000000e+00
0.000000000000000000e+00
0.000000000000000000e+00
0.000000000000000000e+00
0.000000000000000000e+00
0.000000000000000000e+00
0.000000000000000000e+00
0.000000000000000000e+00
0.000000000000000000e+00
0.000000000000000000e+00
0.000000000000000000e+00
0.000000000000000000e+00
0.000000000000000000e+00
0.000000000000000000e+00
0.000000000000000000e+00
0.000000000000000000e+00
0.000000000000000000e+00
0.000000000000000000e+00
0.000000000000000000e+00
0.000000000000000000e+00
0.000000000000000000e+00
0.000000000000000000e+00
0.000000000000000000e+00
0.000000000000000000e+00
0.000000000000000000e+00
0.000000000000000000e+00
0.000000000000000000e+00
0.000000000000000000e+00
0.000000000000000000e+00
0.000000000000000000e+00
0.000000000000000000e+00
0.000000000000000000e+00
0.000000000000000000e+00
0.000000000000000000e+00
0.000000000000000000e+00
0.000000000000000000e+00
0.000000000000000000e+00
0.000000000000000000e+00
0.000000000000000000e+00
0.000000000000000000e+00
0.000000000000000000e+00
0.000000000000000000e+00
0.000000000000000000e+00
0.000000000000000000e+00
0.000000000000000000e+00
0.000000000000000000e+00
0.000000000000000000e+00
0.000000000000000000e+00
0.000000000000000000e+00
0.000000000000000000e+00
0.000000000000000000e+00
0.000000000000000000e+00
0.000000000000000000e+00
0.000000000000000000e+00
0.000000000000000000e+00
0.000000000000000000e+00
0.000000000000000000e+00
0.000000000000000000e+00
0.000000000000000000e+00
0.000000000000000000e+00
0.000000000000000000e+00
0.000000000000000000e+00
0.000000000000000000e+00
0.000000000000000000e+00
0.000000000000000000e+00
0.000000000000000000e+00
0.000000000000000000e+00
0.000000000000000000e+00
0.000000000000000000e+00
0.000000000000000000e+00
0.000000000000000000e+00
0.000000000000000000e+00
0.000000000000000000e+00
0.000000000000000000e+00
0.000000000000000000e+00
0.000000000000000000e+00
0.000000000000000000e+00
0.000000000000000000e+00
0.000000000000000000e+00
0.000000000000000000e+00
0.000000000000000000e+00
0.000000000000000000e+00
0.000000000000000000e+00
0.000000000000000000e+00
0.000000000000000000e+00
0.000000000000000000e+00
0.000000000000000000e+00
0.000000000000000000e+00
0.000000000000000000e+00
0.000000000000000000e+00
0.000000000000000000e+00
0.000000000000000000e+00
0.000000000000000000e+00
0.000000000000000000e+00
0.000000000000000000e+00
0.000000000000000000e+00
0.000000000000000000e+00
0.000000000000000000e+00
0.000000000000000000e+00
0.000000000000000000e+00
0.000000000000000000e+00
0.000000000000000000e+00
0.000000000000000000e+00
0.000000000000000000e+00
0.000000000000000000e+00
0.000000000000000000e+00
0.000000000000000000e+00
0.000000000000000000e+00
0.000000000000000000e+00
0.000000000000000000e+00
0.000000000000000000e+00
0.000000000000000000e+00
0.000000000000000000e+00
0.000000000000000000e+00
0.000000000000000000e+00
0.000000000000000000e+00
0.000000000000000000e+00
0.000000000000000000e+00
0.000000000000000000e+00
0.000000000000000000e+00
0.000000000000000000e+00
0.000000000000000000e+00
0.000000000000000000e+00
0.000000000000000000e+00
0.000000000000000000e+00
0.000000000000000000e+00
0.000000000000000000e+00
0.000000000000000000e+00
0.000000000000000000e+00
0.000000000000000000e+00
0.000000000000000000e+00
0.000000000000000000e+00
0.000000000000000000e+00
0.000000000000000000e+00
0.000000000000000000e+00
0.000000000000000000e+00
0.000000000000000000e+00
0.000000000000000000e+00
0.000000000000000000e+00
0.000000000000000000e+00
0.000000000000000000e+00
0.000000000000000000e+00
0.000000000000000000e+00
0.000000000000000000e+00
0.000000000000000000e+00
0.000000000000000000e+00
0.000000000000000000e+00
0.000000000000000000e+00
0.000000000000000000e+00
0.000000000000000000e+00
0.000000000000000000e+00
0.000000000000000000e+00
0.000000000000000000e+00
0.000000000000000000e+00
0.000000000000000000e+00
0.000000000000000000e+00
0.000000000000000000e+00
0.000000000000000000e+00
0.000000000000000000e+00
0.000000000000000000e+00
0.000000000000000000e+00
0.000000000000000000e+00
0.000000000000000000e+00
0.000000000000000000e+00
0.000000000000000000e+00
0.000000000000000000e+00
0.000000000000000000e+00
0.000000000000000000e+00
0.000000000000000000e+00
0.000000000000000000e+00
0.000000000000000000e+00
0.000000000000000000e+00
0.000000000000000000e+00
0.000000000000000000e+00
0.000000000000000000e+00
0.000000000000000000e+00
0.000000000000000000e+00
0.000000000000000000e+00
0.000000000000000000e+00
0.000000000000000000e+00
0.000000000000000000e+00
0.000000000000000000e+00
0.000000000000000000e+00
0.000000000000000000e+00
0.000000000000000000e+00
0.000000000000000000e+00
0.000000000000000000e+00
0.000000000000000000e+00
0.000000000000000000e+00
0.000000000000000000e+00
0.000000000000000000e+00
0.000000000000000000e+00
0.000000000000000000e+00
0.000000000000000000e+00
0.000000000000000000e+00
0.000000000000000000e+00
0.000000000000000000e+00
0.000000000000000000e+00
0.000000000000000000e+00
0.000000000000000000e+00
0.000000000000000000e+00
0.000000000000000000e+00
0.000000000000000000e+00
0.000000000000000000e+00
0.000000000000000000e+00
0.000000000000000000e+00
0.000000000000000000e+00
0.000000000000000000e+00
0.000000000000000000e+00
0.000000000000000000e+00
0.000000000000000000e+00
0.000000000000000000e+00
0.000000000000000000e+00
0.000000000000000000e+00
0.000000000000000000e+00
0.000000000000000000e+00
0.000000000000000000e+00
0.000000000000000000e+00
0.000000000000000000e+00
0.000000000000000000e+00
0.000000000000000000e+00
0.000000000000000000e+00
0.000000000000000000e+00
0.000000000000000000e+00
0.000000000000000000e+00
0.000000000000000000e+00
0.000000000000000000e+00
0.000000000000000000e+00
0.000000000000000000e+00
0.000000000000000000e+00
0.000000000000000000e+00
0.000000000000000000e+00
0.000000000000000000e+00
0.000000000000000000e+00
0.000000000000000000e+00
0.000000000000000000e+00
0.000000000000000000e+00
0.000000000000000000e+00
0.000000000000000000e+00
0.000000000000000000e+00
0.000000000000000000e+00
0.000000000000000000e+00
0.000000000000000000e+00
0.000000000000000000e+00
0.000000000000000000e+00
0.000000000000000000e+00
0.000000000000000000e+00
0.000000000000000000e+00
0.000000000000000000e+00
0.000000000000000000e+00
0.000000000000000000e+00
0.000000000000000000e+00
0.000000000000000000e+00
0.000000000000000000e+00
0.000000000000000000e+00
0.000000000000000000e+00
0.000000000000000000e+00
0.000000000000000000e+00
0.000000000000000000e+00
0.000000000000000000e+00
0.000000000000000000e+00
0.000000000000000000e+00
0.000000000000000000e+00
0.000000000000000000e+00
0.000000000000000000e+00
0.000000000000000000e+00
0.000000000000000000e+00
0.000000000000000000e+00
0.000000000000000000e+00
0.000000000000000000e+00
0.000000000000000000e+00
0.000000000000000000e+00
0.000000000000000000e+00
0.000000000000000000e+00
0.000000000000000000e+00
0.000000000000000000e+00
0.000000000000000000e+00
0.000000000000000000e+00
0.000000000000000000e+00
0.000000000000000000e+00
0.000000000000000000e+00
0.000000000000000000e+00
0.000000000000000000e+00
0.000000000000000000e+00
0.000000000000000000e+00
0.000000000000000000e+00
0.000000000000000000e+00
0.000000000000000000e+00
0.000000000000000000e+00
0.000000000000000000e+00
0.000000000000000000e+00
0.000000000000000000e+00
0.000000000000000000e+00
0.000000000000000000e+00
0.000000000000000000e+00
0.000000000000000000e+00
0.000000000000000000e+00
0.000000000000000000e+00
0.000000000000000000e+00
0.000000000000000000e+00
0.000000000000000000e+00
0.000000000000000000e+00
0.000000000000000000e+00
0.000000000000000000e+00
0.000000000000000000e+00
0.000000000000000000e+00
0.000000000000000000e+00
0.000000000000000000e+00
0.000000000000000000e+00
0.000000000000000000e+00
0.000000000000000000e+00
0.000000000000000000e+00
0.000000000000000000e+00
0.000000000000000000e+00
0.000000000000000000e+00
0.000000000000000000e+00
0.000000000000000000e+00
0.000000000000000000e+00
0.000000000000000000e+00
0.000000000000000000e+00
0.000000000000000000e+00
0.000000000000000000e+00
0.000000000000000000e+00
0.000000000000000000e+00
0.000000000000000000e+00
0.000000000000000000e+00
0.000000000000000000e+00
0.000000000000000000e+00
0.000000000000000000e+00
0.000000000000000000e+00
0.000000000000000000e+00
0.000000000000000000e+00
0.000000000000000000e+00
0.000000000000000000e+00
0.000000000000000000e+00
0.000000000000000000e+00
0.000000000000000000e+00
0.000000000000000000e+00
0.000000000000000000e+00
0.000000000000000000e+00
0.000000000000000000e+00
0.000000000000000000e+00
0.000000000000000000e+00
0.000000000000000000e+00
0.000000000000000000e+00
0.000000000000000000e+00
0.000000000000000000e+00
0.000000000000000000e+00
0.000000000000000000e+00
0.000000000000000000e+00
0.000000000000000000e+00
0.000000000000000000e+00
0.000000000000000000e+00
0.000000000000000000e+00
0.000000000000000000e+00
0.000000000000000000e+00
0.000000000000000000e+00
0.000000000000000000e+00
0.000000000000000000e+00
0.000000000000000000e+00
0.000000000000000000e+00
0.000000000000000000e+00
0.000000000000000000e+00
0.000000000000000000e+00
0.000000000000000000e+00
0.000000000000000000e+00
0.000000000000000000e+00
0.000000000000000000e+00
0.000000000000000000e+00
0.000000000000000000e+00
0.000000000000000000e+00
0.000000000000000000e+00
0.000000000000000000e+00
0.000000000000000000e+00
0.000000000000000000e+00
0.000000000000000000e+00
0.000000000000000000e+00
0.000000000000000000e+00
0.000000000000000000e+00
0.000000000000000000e+00
0.000000000000000000e+00
0.000000000000000000e+00
0.000000000000000000e+00
0.000000000000000000e+00
0.000000000000000000e+00
0.000000000000000000e+00
0.000000000000000000e+00
0.000000000000000000e+00
0.000000000000000000e+00
0.000000000000000000e+00
0.000000000000000000e+00
0.000000000000000000e+00
0.000000000000000000e+00
0.000000000000000000e+00
0.000000000000000000e+00
0.000000000000000000e+00
0.000000000000000000e+00
0.000000000000000000e+00
0.000000000000000000e+00
0.000000000000000000e+00
0.000000000000000000e+00
0.000000000000000000e+00
0.000000000000000000e+00
0.000000000000000000e+00
0.000000000000000000e+00
0.000000000000000000e+00
0.000000000000000000e+00
0.000000000000000000e+00
0.000000000000000000e+00
0.000000000000000000e+00
0.000000000000000000e+00
0.000000000000000000e+00
0.000000000000000000e+00
0.000000000000000000e+00
0.000000000000000000e+00
0.000000000000000000e+00
0.000000000000000000e+00
0.000000000000000000e+00
0.000000000000000000e+00
0.000000000000000000e+00
0.000000000000000000e+00
0.000000000000000000e+00
0.000000000000000000e+00
0.000000000000000000e+00
0.000000000000000000e+00
0.000000000000000000e+00
0.000000000000000000e+00
0.000000000000000000e+00
0.000000000000000000e+00
0.000000000000000000e+00
0.000000000000000000e+00
0.000000000000000000e+00
0.000000000000000000e+00
0.000000000000000000e+00
0.000000000000000000e+00
0.000000000000000000e+00
0.000000000000000000e+00
0.000000000000000000e+00
0.000000000000000000e+00
0.000000000000000000e+00
0.000000000000000000e+00
0.000000000000000000e+00
0.000000000000000000e+00
0.000000000000000000e+00
0.000000000000000000e+00
0.000000000000000000e+00
0.000000000000000000e+00
0.000000000000000000e+00
0.000000000000000000e+00
0.000000000000000000e+00
0.000000000000000000e+00
0.000000000000000000e+00
0.000000000000000000e+00
0.000000000000000000e+00
0.000000000000000000e+00
0.000000000000000000e+00
0.000000000000000000e+00
0.000000000000000000e+00
0.000000000000000000e+00
0.000000000000000000e+00
0.000000000000000000e+00
0.000000000000000000e+00
0.000000000000000000e+00
0.000000000000000000e+00
0.000000000000000000e+00
0.000000000000000000e+00
0.000000000000000000e+00
0.000000000000000000e+00
0.000000000000000000e+00
0.000000000000000000e+00
0.000000000000000000e+00
0.000000000000000000e+00
0.000000000000000000e+00
0.000000000000000000e+00
0.000000000000000000e+00
0.000000000000000000e+00
0.000000000000000000e+00
0.000000000000000000e+00
0.000000000000000000e+00
0.000000000000000000e+00
0.000000000000000000e+00
0.000000000000000000e+00
0.000000000000000000e+00
0.000000000000000000e+00
0.000000000000000000e+00
0.000000000000000000e+00
0.000000000000000000e+00
0.000000000000000000e+00
0.000000000000000000e+00
0.000000000000000000e+00
0.000000000000000000e+00
0.000000000000000000e+00
0.000000000000000000e+00
0.000000000000000000e+00
0.000000000000000000e+00
0.000000000000000000e+00
0.000000000000000000e+00
0.000000000000000000e+00
0.000000000000000000e+00
0.000000000000000000e+00
0.000000000000000000e+00
0.000000000000000000e+00
0.000000000000000000e+00
0.000000000000000000e+00
0.000000000000000000e+00
0.000000000000000000e+00
0.000000000000000000e+00
0.000000000000000000e+00
0.000000000000000000e+00
0.000000000000000000e+00
0.000000000000000000e+00
0.000000000000000000e+00
0.000000000000000000e+00
0.000000000000000000e+00
0.000000000000000000e+00
0.000000000000000000e+00
0.000000000000000000e+00
0.000000000000000000e+00
0.000000000000000000e+00
0.000000000000000000e+00
0.000000000000000000e+00
0.000000000000000000e+00
0.000000000000000000e+00
0.000000000000000000e+00
0.000000000000000000e+00
0.000000000000000000e+00
0.000000000000000000e+00
0.000000000000000000e+00
0.000000000000000000e+00
0.000000000000000000e+00
0.000000000000000000e+00
0.000000000000000000e+00
0.000000000000000000e+00
0.000000000000000000e+00
0.000000000000000000e+00
0.000000000000000000e+00
0.000000000000000000e+00
0.000000000000000000e+00
0.000000000000000000e+00
0.000000000000000000e+00
0.000000000000000000e+00
0.000000000000000000e+00
0.000000000000000000e+00
0.000000000000000000e+00
0.000000000000000000e+00
0.000000000000000000e+00
0.000000000000000000e+00
0.000000000000000000e+00
0.000000000000000000e+00
0.000000000000000000e+00
0.000000000000000000e+00
0.000000000000000000e+00
0.000000000000000000e+00
0.000000000000000000e+00
0.000000000000000000e+00
0.000000000000000000e+00
0.000000000000000000e+00
0.000000000000000000e+00
0.000000000000000000e+00
0.000000000000000000e+00
0.000000000000000000e+00
0.000000000000000000e+00
0.000000000000000000e+00
0.000000000000000000e+00
0.000000000000000000e+00
0.000000000000000000e+00
0.000000000000000000e+00
0.000000000000000000e+00
0.000000000000000000e+00
0.000000000000000000e+00
0.000000000000000000e+00
0.000000000000000000e+00
0.000000000000000000e+00
0.000000000000000000e+00
0.000000000000000000e+00
0.000000000000000000e+00
0.000000000000000000e+00
0.000000000000000000e+00
0.000000000000000000e+00
0.000000000000000000e+00
0.000000000000000000e+00
0.000000000000000000e+00
0.000000000000000000e+00
0.000000000000000000e+00
0.000000000000000000e+00
0.000000000000000000e+00
0.000000000000000000e+00
0.000000000000000000e+00
0.000000000000000000e+00
0.000000000000000000e+00
0.000000000000000000e+00
0.000000000000000000e+00
0.000000000000000000e+00
0.000000000000000000e+00
0.000000000000000000e+00
0.000000000000000000e+00
0.000000000000000000e+00
0.000000000000000000e+00
0.000000000000000000e+00
0.000000000000000000e+00
0.000000000000000000e+00
0.000000000000000000e+00
0.000000000000000000e+00
0.000000000000000000e+00
0.000000000000000000e+00
0.000000000000000000e+00
0.000000000000000000e+00
0.000000000000000000e+00
0.000000000000000000e+00
0.000000000000000000e+00
0.000000000000000000e+00
0.000000000000000000e+00
0.000000000000000000e+00
0.000000000000000000e+00
0.000000000000000000e+00
0.000000000000000000e+00
0.000000000000000000e+00
0.000000000000000000e+00
0.000000000000000000e+00
0.000000000000000000e+00
0.000000000000000000e+00
0.000000000000000000e+00
0.000000000000000000e+00
0.000000000000000000e+00
0.000000000000000000e+00
0.000000000000000000e+00
0.000000000000000000e+00
0.000000000000000000e+00
0.000000000000000000e+00
0.000000000000000000e+00
0.000000000000000000e+00
0.000000000000000000e+00
0.000000000000000000e+00
0.000000000000000000e+00
0.000000000000000000e+00
0.000000000000000000e+00
0.000000000000000000e+00
0.000000000000000000e+00
0.000000000000000000e+00
0.000000000000000000e+00
0.000000000000000000e+00
0.000000000000000000e+00
0.000000000000000000e+00
0.000000000000000000e+00
0.000000000000000000e+00
0.000000000000000000e+00
0.000000000000000000e+00
0.000000000000000000e+00
0.000000000000000000e+00
0.000000000000000000e+00
0.000000000000000000e+00
0.000000000000000000e+00
0.000000000000000000e+00
0.000000000000000000e+00
0.000000000000000000e+00
0.000000000000000000e+00
0.000000000000000000e+00
0.000000000000000000e+00
0.000000000000000000e+00
0.000000000000000000e+00
0.000000000000000000e+00
0.000000000000000000e+00
0.000000000000000000e+00
0.000000000000000000e+00
0.000000000000000000e+00
0.000000000000000000e+00
0.000000000000000000e+00
0.000000000000000000e+00
0.000000000000000000e+00
0.000000000000000000e+00
0.000000000000000000e+00
0.000000000000000000e+00
0.000000000000000000e+00
0.000000000000000000e+00
0.000000000000000000e+00
0.000000000000000000e+00
0.000000000000000000e+00
0.000000000000000000e+00
0.000000000000000000e+00
0.000000000000000000e+00
0.000000000000000000e+00
0.000000000000000000e+00
0.000000000000000000e+00
0.000000000000000000e+00
0.000000000000000000e+00
0.000000000000000000e+00
0.000000000000000000e+00
0.000000000000000000e+00
0.000000000000000000e+00
0.000000000000000000e+00
0.000000000000000000e+00
0.000000000000000000e+00
0.000000000000000000e+00
0.000000000000000000e+00
0.000000000000000000e+00
0.000000000000000000e+00
0.000000000000000000e+00
0.000000000000000000e+00
0.000000000000000000e+00
0.000000000000000000e+00
0.000000000000000000e+00
0.000000000000000000e+00
0.000000000000000000e+00
0.000000000000000000e+00
0.000000000000000000e+00
0.000000000000000000e+00
0.000000000000000000e+00
0.000000000000000000e+00
0.000000000000000000e+00
0.000000000000000000e+00
0.000000000000000000e+00
0.000000000000000000e+00
0.000000000000000000e+00
0.000000000000000000e+00
0.000000000000000000e+00
0.000000000000000000e+00
0.000000000000000000e+00
0.000000000000000000e+00
0.000000000000000000e+00
0.000000000000000000e+00
0.000000000000000000e+00
0.000000000000000000e+00
0.000000000000000000e+00
0.000000000000000000e+00
0.000000000000000000e+00
0.000000000000000000e+00
0.000000000000000000e+00
0.000000000000000000e+00
0.000000000000000000e+00
0.000000000000000000e+00
0.000000000000000000e+00
0.000000000000000000e+00
0.000000000000000000e+00
0.000000000000000000e+00
0.000000000000000000e+00
0.000000000000000000e+00
0.000000000000000000e+00
0.000000000000000000e+00
0.000000000000000000e+00
0.000000000000000000e+00
0.000000000000000000e+00
0.000000000000000000e+00
0.000000000000000000e+00
0.000000000000000000e+00
0.000000000000000000e+00
0.000000000000000000e+00
0.000000000000000000e+00
0.000000000000000000e+00
0.000000000000000000e+00
0.000000000000000000e+00
0.000000000000000000e+00
0.000000000000000000e+00
0.000000000000000000e+00
0.000000000000000000e+00
0.000000000000000000e+00
0.000000000000000000e+00
0.000000000000000000e+00
0.000000000000000000e+00
0.000000000000000000e+00
0.000000000000000000e+00
0.000000000000000000e+00
0.000000000000000000e+00
0.000000000000000000e+00
0.000000000000000000e+00
0.000000000000000000e+00
0.000000000000000000e+00
0.000000000000000000e+00
0.000000000000000000e+00
0.000000000000000000e+00
0.000000000000000000e+00
0.000000000000000000e+00
0.000000000000000000e+00
0.000000000000000000e+00
0.000000000000000000e+00
0.000000000000000000e+00
0.000000000000000000e+00
0.000000000000000000e+00
0.000000000000000000e+00
0.000000000000000000e+00
0.000000000000000000e+00
0.000000000000000000e+00
0.000000000000000000e+00
0.000000000000000000e+00
0.000000000000000000e+00
0.000000000000000000e+00
0.000000000000000000e+00
0.000000000000000000e+00
0.000000000000000000e+00
0.000000000000000000e+00
0.000000000000000000e+00
0.000000000000000000e+00
0.000000000000000000e+00
0.000000000000000000e+00
0.000000000000000000e+00
0.000000000000000000e+00
0.000000000000000000e+00
0.000000000000000000e+00
0.000000000000000000e+00
0.000000000000000000e+00
0.000000000000000000e+00
0.000000000000000000e+00
0.000000000000000000e+00
0.000000000000000000e+00
0.000000000000000000e+00
0.000000000000000000e+00
0.000000000000000000e+00
0.000000000000000000e+00
0.000000000000000000e+00
0.000000000000000000e+00
0.000000000000000000e+00
0.000000000000000000e+00
0.000000000000000000e+00
0.000000000000000000e+00
0.000000000000000000e+00
0.000000000000000000e+00
0.000000000000000000e+00
0.000000000000000000e+00
0.000000000000000000e+00
0.000000000000000000e+00
0.000000000000000000e+00
0.000000000000000000e+00
0.000000000000000000e+00
0.000000000000000000e+00
0.000000000000000000e+00
0.000000000000000000e+00
0.000000000000000000e+00
0.000000000000000000e+00
0.000000000000000000e+00
0.000000000000000000e+00
0.000000000000000000e+00
0.000000000000000000e+00
0.000000000000000000e+00
0.000000000000000000e+00
0.000000000000000000e+00
0.000000000000000000e+00
0.000000000000000000e+00
0.000000000000000000e+00
0.000000000000000000e+00
0.000000000000000000e+00
0.000000000000000000e+00
0.000000000000000000e+00
0.000000000000000000e+00
0.000000000000000000e+00
0.000000000000000000e+00
0.000000000000000000e+00
0.000000000000000000e+00
0.000000000000000000e+00
0.000000000000000000e+00
0.000000000000000000e+00
0.000000000000000000e+00
0.000000000000000000e+00
0.000000000000000000e+00
0.000000000000000000e+00
0.000000000000000000e+00
0.000000000000000000e+00
0.000000000000000000e+00
0.000000000000000000e+00
0.000000000000000000e+00
0.000000000000000000e+00
0.000000000000000000e+00
0.000000000000000000e+00
0.000000000000000000e+00
0.000000000000000000e+00
0.000000000000000000e+00
0.000000000000000000e+00
0.000000000000000000e+00
0.000000000000000000e+00
0.000000000000000000e+00
0.000000000000000000e+00
0.000000000000000000e+00
0.000000000000000000e+00
0.000000000000000000e+00
0.000000000000000000e+00
0.000000000000000000e+00
0.000000000000000000e+00
0.000000000000000000e+00
0.000000000000000000e+00
0.000000000000000000e+00
0.000000000000000000e+00
0.000000000000000000e+00
0.000000000000000000e+00
0.000000000000000000e+00
0.000000000000000000e+00
0.000000000000000000e+00
0.000000000000000000e+00
0.000000000000000000e+00
0.000000000000000000e+00
0.000000000000000000e+00
0.000000000000000000e+00
0.000000000000000000e+00
0.000000000000000000e+00
0.000000000000000000e+00
0.000000000000000000e+00
0.000000000000000000e+00
0.000000000000000000e+00
0.000000000000000000e+00
0.000000000000000000e+00
0.000000000000000000e+00
0.000000000000000000e+00
0.000000000000000000e+00
0.000000000000000000e+00
0.000000000000000000e+00
0.000000000000000000e+00
0.000000000000000000e+00
0.000000000000000000e+00
0.000000000000000000e+00
0.000000000000000000e+00
0.000000000000000000e+00
0.000000000000000000e+00
0.000000000000000000e+00
0.000000000000000000e+00
0.000000000000000000e+00
0.000000000000000000e+00
0.000000000000000000e+00
0.000000000000000000e+00
0.000000000000000000e+00
0.000000000000000000e+00
0.000000000000000000e+00
0.000000000000000000e+00
0.000000000000000000e+00
0.000000000000000000e+00
0.000000000000000000e+00
0.000000000000000000e+00
0.000000000000000000e+00
0.000000000000000000e+00
0.000000000000000000e+00
0.000000000000000000e+00
0.000000000000000000e+00
0.000000000000000000e+00
0.000000000000000000e+00
0.000000000000000000e+00
0.000000000000000000e+00
0.000000000000000000e+00
0.000000000000000000e+00
0.000000000000000000e+00
0.000000000000000000e+00
0.000000000000000000e+00
0.000000000000000000e+00
0.000000000000000000e+00
0.000000000000000000e+00
0.000000000000000000e+00
0.000000000000000000e+00
0.000000000000000000e+00
0.000000000000000000e+00
0.000000000000000000e+00
0.000000000000000000e+00
0.000000000000000000e+00
0.000000000000000000e+00
0.000000000000000000e+00
0.000000000000000000e+00
0.000000000000000000e+00
0.000000000000000000e+00
0.000000000000000000e+00
0.000000000000000000e+00
0.000000000000000000e+00
0.000000000000000000e+00
0.000000000000000000e+00
0.000000000000000000e+00
0.000000000000000000e+00
0.000000000000000000e+00
0.000000000000000000e+00
0.000000000000000000e+00
0.000000000000000000e+00
0.000000000000000000e+00
0.000000000000000000e+00
0.000000000000000000e+00
0.000000000000000000e+00
0.000000000000000000e+00
0.000000000000000000e+00
0.000000000000000000e+00
0.000000000000000000e+00
0.000000000000000000e+00
0.000000000000000000e+00
0.000000000000000000e+00
0.000000000000000000e+00
0.000000000000000000e+00
0.000000000000000000e+00
0.000000000000000000e+00
0.000000000000000000e+00
0.000000000000000000e+00
0.000000000000000000e+00
0.000000000000000000e+00
0.000000000000000000e+00
0.000000000000000000e+00
0.000000000000000000e+00
0.000000000000000000e+00
0.000000000000000000e+00
0.000000000000000000e+00
0.000000000000000000e+00
0.000000000000000000e+00
0.000000000000000000e+00
0.000000000000000000e+00
0.000000000000000000e+00
0.000000000000000000e+00
0.000000000000000000e+00
0.000000000000000000e+00
0.000000000000000000e+00
0.000000000000000000e+00
0.000000000000000000e+00
0.000000000000000000e+00
0.000000000000000000e+00
0.000000000000000000e+00
0.000000000000000000e+00
0.000000000000000000e+00
0.000000000000000000e+00
0.000000000000000000e+00
0.000000000000000000e+00
0.000000000000000000e+00
0.000000000000000000e+00
0.000000000000000000e+00
0.000000000000000000e+00
0.000000000000000000e+00
0.000000000000000000e+00
0.000000000000000000e+00
0.000000000000000000e+00
0.000000000000000000e+00
0.000000000000000000e+00
0.000000000000000000e+00
0.000000000000000000e+00
0.000000000000000000e+00
0.000000000000000000e+00
0.000000000000000000e+00
0.000000000000000000e+00
0.000000000000000000e+00
0.000000000000000000e+00
0.000000000000000000e+00
0.000000000000000000e+00
0.000000000000000000e+00
0.000000000000000000e+00
0.000000000000000000e+00
0.000000000000000000e+00
0.000000000000000000e+00
0.000000000000000000e+00
0.000000000000000000e+00
0.000000000000000000e+00
0.000000000000000000e+00
0.000000000000000000e+00
0.000000000000000000e+00
0.000000000000000000e+00
0.000000000000000000e+00
0.000000000000000000e+00
0.000000000000000000e+00
0.000000000000000000e+00
0.000000000000000000e+00
0.000000000000000000e+00
0.000000000000000000e+00
0.000000000000000000e+00
0.000000000000000000e+00
0.000000000000000000e+00
0.000000000000000000e+00
0.000000000000000000e+00
0.000000000000000000e+00
0.000000000000000000e+00
0.000000000000000000e+00
0.000000000000000000e+00
0.000000000000000000e+00
0.000000000000000000e+00
0.000000000000000000e+00
0.000000000000000000e+00
0.000000000000000000e+00
0.000000000000000000e+00
0.000000000000000000e+00
0.000000000000000000e+00
0.000000000000000000e+00
0.000000000000000000e+00
0.000000000000000000e+00
0.000000000000000000e+00
0.000000000000000000e+00
0.000000000000000000e+00
0.000000000000000000e+00
0.000000000000000000e+00
0.000000000000000000e+00
0.000000000000000000e+00
0.000000000000000000e+00
0.000000000000000000e+00
0.000000000000000000e+00
0.000000000000000000e+00
0.000000000000000000e+00
0.000000000000000000e+00
0.000000000000000000e+00
0.000000000000000000e+00
0.000000000000000000e+00
0.000000000000000000e+00
0.000000000000000000e+00
0.000000000000000000e+00
0.000000000000000000e+00
0.000000000000000000e+00
0.000000000000000000e+00
0.000000000000000000e+00
0.000000000000000000e+00
0.000000000000000000e+00
0.000000000000000000e+00
0.000000000000000000e+00
0.000000000000000000e+00
0.000000000000000000e+00
0.000000000000000000e+00
0.000000000000000000e+00
0.000000000000000000e+00
0.000000000000000000e+00
0.000000000000000000e+00
0.000000000000000000e+00
0.000000000000000000e+00
0.000000000000000000e+00
0.000000000000000000e+00
0.000000000000000000e+00
0.000000000000000000e+00
0.000000000000000000e+00
0.000000000000000000e+00
0.000000000000000000e+00
0.000000000000000000e+00
0.000000000000000000e+00
0.000000000000000000e+00
0.000000000000000000e+00
0.000000000000000000e+00
0.000000000000000000e+00
0.000000000000000000e+00
0.000000000000000000e+00
0.000000000000000000e+00
0.000000000000000000e+00
0.000000000000000000e+00
0.000000000000000000e+00
0.000000000000000000e+00
0.000000000000000000e+00
0.000000000000000000e+00
0.000000000000000000e+00
0.000000000000000000e+00
0.000000000000000000e+00
0.000000000000000000e+00
0.000000000000000000e+00
0.000000000000000000e+00
0.000000000000000000e+00
0.000000000000000000e+00
0.000000000000000000e+00
0.000000000000000000e+00
0.000000000000000000e+00
0.000000000000000000e+00
0.000000000000000000e+00
0.000000000000000000e+00
0.000000000000000000e+00
0.000000000000000000e+00
0.000000000000000000e+00
0.000000000000000000e+00
0.000000000000000000e+00
0.000000000000000000e+00
0.000000000000000000e+00
0.000000000000000000e+00
0.000000000000000000e+00
0.000000000000000000e+00
0.000000000000000000e+00
0.000000000000000000e+00
0.000000000000000000e+00
0.000000000000000000e+00
0.000000000000000000e+00
0.000000000000000000e+00
0.000000000000000000e+00
0.000000000000000000e+00
0.000000000000000000e+00
0.000000000000000000e+00
0.000000000000000000e+00
0.000000000000000000e+00
0.000000000000000000e+00
0.000000000000000000e+00
0.000000000000000000e+00
0.000000000000000000e+00
0.000000000000000000e+00
0.000000000000000000e+00
0.000000000000000000e+00
0.000000000000000000e+00
0.000000000000000000e+00
0.000000000000000000e+00
0.000000000000000000e+00
0.000000000000000000e+00
0.000000000000000000e+00
0.000000000000000000e+00
0.000000000000000000e+00
0.000000000000000000e+00
0.000000000000000000e+00
0.000000000000000000e+00
0.000000000000000000e+00
0.000000000000000000e+00
0.000000000000000000e+00
0.000000000000000000e+00
0.000000000000000000e+00
0.000000000000000000e+00
0.000000000000000000e+00
0.000000000000000000e+00
0.000000000000000000e+00
0.000000000000000000e+00
0.000000000000000000e+00
0.000000000000000000e+00
0.000000000000000000e+00
0.000000000000000000e+00
0.000000000000000000e+00
0.000000000000000000e+00
0.000000000000000000e+00
0.000000000000000000e+00
0.000000000000000000e+00
0.000000000000000000e+00
0.000000000000000000e+00
0.000000000000000000e+00
0.000000000000000000e+00
0.000000000000000000e+00
0.000000000000000000e+00
0.000000000000000000e+00
0.000000000000000000e+00
0.000000000000000000e+00
0.000000000000000000e+00
0.000000000000000000e+00
0.000000000000000000e+00
0.000000000000000000e+00
0.000000000000000000e+00
0.000000000000000000e+00
0.000000000000000000e+00
0.000000000000000000e+00
0.000000000000000000e+00
0.000000000000000000e+00
0.000000000000000000e+00
0.000000000000000000e+00
0.000000000000000000e+00
0.000000000000000000e+00
0.000000000000000000e+00
0.000000000000000000e+00
0.000000000000000000e+00
0.000000000000000000e+00
0.000000000000000000e+00
0.000000000000000000e+00
0.000000000000000000e+00
0.000000000000000000e+00
0.000000000000000000e+00
0.000000000000000000e+00
0.000000000000000000e+00
0.000000000000000000e+00
0.000000000000000000e+00
0.000000000000000000e+00
0.000000000000000000e+00
0.000000000000000000e+00
0.000000000000000000e+00
0.000000000000000000e+00
0.000000000000000000e+00
0.000000000000000000e+00
0.000000000000000000e+00
0.000000000000000000e+00
0.000000000000000000e+00
0.000000000000000000e+00
0.000000000000000000e+00
0.000000000000000000e+00
0.000000000000000000e+00
0.000000000000000000e+00
0.000000000000000000e+00
0.000000000000000000e+00
0.000000000000000000e+00
0.000000000000000000e+00
0.000000000000000000e+00
0.000000000000000000e+00
0.000000000000000000e+00
0.000000000000000000e+00
0.000000000000000000e+00
0.000000000000000000e+00
0.000000000000000000e+00
0.000000000000000000e+00
0.000000000000000000e+00
0.000000000000000000e+00
0.000000000000000000e+00
0.000000000000000000e+00
0.000000000000000000e+00
0.000000000000000000e+00
0.000000000000000000e+00
0.000000000000000000e+00
0.000000000000000000e+00
0.000000000000000000e+00
0.000000000000000000e+00
0.000000000000000000e+00
0.000000000000000000e+00
0.000000000000000000e+00
0.000000000000000000e+00
0.000000000000000000e+00
0.000000000000000000e+00
0.000000000000000000e+00
0.000000000000000000e+00
0.000000000000000000e+00
0.000000000000000000e+00
0.000000000000000000e+00
0.000000000000000000e+00
0.000000000000000000e+00
0.000000000000000000e+00
0.000000000000000000e+00
0.000000000000000000e+00
0.000000000000000000e+00
0.000000000000000000e+00
0.000000000000000000e+00
0.000000000000000000e+00
0.000000000000000000e+00
0.000000000000000000e+00
0.000000000000000000e+00
0.000000000000000000e+00
0.000000000000000000e+00
0.000000000000000000e+00
0.000000000000000000e+00
0.000000000000000000e+00
0.000000000000000000e+00
0.000000000000000000e+00
0.000000000000000000e+00
0.000000000000000000e+00
0.000000000000000000e+00
0.000000000000000000e+00
0.000000000000000000e+00
0.000000000000000000e+00
0.000000000000000000e+00
0.000000000000000000e+00
0.000000000000000000e+00
0.000000000000000000e+00
0.000000000000000000e+00
0.000000000000000000e+00
0.000000000000000000e+00
0.000000000000000000e+00
0.000000000000000000e+00
0.000000000000000000e+00
0.000000000000000000e+00
0.000000000000000000e+00
0.000000000000000000e+00
0.000000000000000000e+00
0.000000000000000000e+00
0.000000000000000000e+00
0.000000000000000000e+00
0.000000000000000000e+00
0.000000000000000000e+00
0.000000000000000000e+00
0.000000000000000000e+00
0.000000000000000000e+00
0.000000000000000000e+00
0.000000000000000000e+00
0.000000000000000000e+00
0.000000000000000000e+00
0.000000000000000000e+00
0.000000000000000000e+00
0.000000000000000000e+00
0.000000000000000000e+00
0.000000000000000000e+00
0.000000000000000000e+00
0.000000000000000000e+00
0.000000000000000000e+00
0.000000000000000000e+00
0.000000000000000000e+00
0.000000000000000000e+00
0.000000000000000000e+00
0.000000000000000000e+00
0.000000000000000000e+00
0.000000000000000000e+00
0.000000000000000000e+00
0.000000000000000000e+00
0.000000000000000000e+00
0.000000000000000000e+00
0.000000000000000000e+00
0.000000000000000000e+00
0.000000000000000000e+00
0.000000000000000000e+00
0.000000000000000000e+00
0.000000000000000000e+00
0.000000000000000000e+00
0.000000000000000000e+00
0.000000000000000000e+00
0.000000000000000000e+00
0.000000000000000000e+00
0.000000000000000000e+00
0.000000000000000000e+00
0.000000000000000000e+00
0.000000000000000000e+00
0.000000000000000000e+00
0.000000000000000000e+00
0.000000000000000000e+00
0.000000000000000000e+00
0.000000000000000000e+00
0.000000000000000000e+00
0.000000000000000000e+00
0.000000000000000000e+00
0.000000000000000000e+00
0.000000000000000000e+00
0.000000000000000000e+00
0.000000000000000000e+00
0.000000000000000000e+00
0.000000000000000000e+00
0.000000000000000000e+00
0.000000000000000000e+00
0.000000000000000000e+00
0.000000000000000000e+00
0.000000000000000000e+00
0.000000000000000000e+00
0.000000000000000000e+00
0.000000000000000000e+00
0.000000000000000000e+00
0.000000000000000000e+00
0.000000000000000000e+00
0.000000000000000000e+00
0.000000000000000000e+00
0.000000000000000000e+00
0.000000000000000000e+00
0.000000000000000000e+00
0.000000000000000000e+00
0.000000000000000000e+00
0.000000000000000000e+00
0.000000000000000000e+00
0.000000000000000000e+00
0.000000000000000000e+00
0.000000000000000000e+00
0.000000000000000000e+00
0.000000000000000000e+00
0.000000000000000000e+00
0.000000000000000000e+00
0.000000000000000000e+00
0.000000000000000000e+00
0.000000000000000000e+00
0.000000000000000000e+00
0.000000000000000000e+00
0.000000000000000000e+00
0.000000000000000000e+00
0.000000000000000000e+00
0.000000000000000000e+00
0.000000000000000000e+00
0.000000000000000000e+00
0.000000000000000000e+00
0.000000000000000000e+00
0.000000000000000000e+00
0.000000000000000000e+00
0.000000000000000000e+00
0.000000000000000000e+00
0.000000000000000000e+00
0.000000000000000000e+00
0.000000000000000000e+00
0.000000000000000000e+00
0.000000000000000000e+00
0.000000000000000000e+00
0.000000000000000000e+00
0.000000000000000000e+00
0.000000000000000000e+00
0.000000000000000000e+00
0.000000000000000000e+00
0.000000000000000000e+00
0.000000000000000000e+00
0.000000000000000000e+00
0.000000000000000000e+00
0.000000000000000000e+00
0.000000000000000000e+00
0.000000000000000000e+00
0.000000000000000000e+00
0.000000000000000000e+00
0.000000000000000000e+00
0.000000000000000000e+00
0.000000000000000000e+00
0.000000000000000000e+00
0.000000000000000000e+00
0.000000000000000000e+00
0.000000000000000000e+00
0.000000000000000000e+00
0.000000000000000000e+00
0.000000000000000000e+00
0.000000000000000000e+00
0.000000000000000000e+00
0.000000000000000000e+00
0.000000000000000000e+00
0.000000000000000000e+00
0.000000000000000000e+00
0.000000000000000000e+00
0.000000000000000000e+00
0.000000000000000000e+00
0.000000000000000000e+00
0.000000000000000000e+00
0.000000000000000000e+00
0.000000000000000000e+00
0.000000000000000000e+00
0.000000000000000000e+00
0.000000000000000000e+00
0.000000000000000000e+00
0.000000000000000000e+00
0.000000000000000000e+00
0.000000000000000000e+00
0.000000000000000000e+00
0.000000000000000000e+00
0.000000000000000000e+00
0.000000000000000000e+00
0.000000000000000000e+00
0.000000000000000000e+00
0.000000000000000000e+00
0.000000000000000000e+00
0.000000000000000000e+00
0.000000000000000000e+00
0.000000000000000000e+00
0.000000000000000000e+00
0.000000000000000000e+00
0.000000000000000000e+00
0.000000000000000000e+00
0.000000000000000000e+00
0.000000000000000000e+00
0.000000000000000000e+00
0.000000000000000000e+00
0.000000000000000000e+00
0.000000000000000000e+00
0.000000000000000000e+00
0.000000000000000000e+00
0.000000000000000000e+00
0.000000000000000000e+00
0.000000000000000000e+00
0.000000000000000000e+00
0.000000000000000000e+00
0.000000000000000000e+00
0.000000000000000000e+00
0.000000000000000000e+00
0.000000000000000000e+00
0.000000000000000000e+00
0.000000000000000000e+00
0.000000000000000000e+00
0.000000000000000000e+00
0.000000000000000000e+00
0.000000000000000000e+00
0.000000000000000000e+00
0.000000000000000000e+00
0.000000000000000000e+00
0.000000000000000000e+00
0.000000000000000000e+00
0.000000000000000000e+00
0.000000000000000000e+00
0.000000000000000000e+00
0.000000000000000000e+00
0.000000000000000000e+00
0.000000000000000000e+00
0.000000000000000000e+00
0.000000000000000000e+00
0.000000000000000000e+00
0.000000000000000000e+00
0.000000000000000000e+00
0.000000000000000000e+00
0.000000000000000000e+00
0.000000000000000000e+00
0.000000000000000000e+00
0.000000000000000000e+00
0.000000000000000000e+00
0.000000000000000000e+00
0.000000000000000000e+00
0.000000000000000000e+00
0.000000000000000000e+00
0.000000000000000000e+00
0.000000000000000000e+00
0.000000000000000000e+00
0.000000000000000000e+00
0.000000000000000000e+00
0.000000000000000000e+00
0.000000000000000000e+00
0.000000000000000000e+00
0.000000000000000000e+00
0.000000000000000000e+00
0.000000000000000000e+00
0.000000000000000000e+00
0.000000000000000000e+00
0.000000000000000000e+00
0.000000000000000000e+00
0.000000000000000000e+00
0.000000000000000000e+00
0.000000000000000000e+00
0.000000000000000000e+00
0.000000000000000000e+00
0.000000000000000000e+00
0.000000000000000000e+00
0.000000000000000000e+00
0.000000000000000000e+00
0.000000000000000000e+00
0.000000000000000000e+00
0.000000000000000000e+00
0.000000000000000000e+00
0.000000000000000000e+00
0.000000000000000000e+00
0.000000000000000000e+00
0.000000000000000000e+00
0.000000000000000000e+00
0.000000000000000000e+00
0.000000000000000000e+00
0.000000000000000000e+00
0.000000000000000000e+00
0.000000000000000000e+00
0.000000000000000000e+00
0.000000000000000000e+00
0.000000000000000000e+00
0.000000000000000000e+00
0.000000000000000000e+00
0.000000000000000000e+00
0.000000000000000000e+00
0.000000000000000000e+00
0.000000000000000000e+00
0.000000000000000000e+00
0.000000000000000000e+00
0.000000000000000000e+00
0.000000000000000000e+00
0.000000000000000000e+00
0.000000000000000000e+00
0.000000000000000000e+00
0.000000000000000000e+00
0.000000000000000000e+00
0.000000000000000000e+00
0.000000000000000000e+00
0.000000000000000000e+00
0.000000000000000000e+00
0.000000000000000000e+00
0.000000000000000000e+00
0.000000000000000000e+00
0.000000000000000000e+00
0.000000000000000000e+00
0.000000000000000000e+00
0.000000000000000000e+00
0.000000000000000000e+00
0.000000000000000000e+00
0.000000000000000000e+00
0.000000000000000000e+00
0.000000000000000000e+00
0.000000000000000000e+00
0.000000000000000000e+00
0.000000000000000000e+00
0.000000000000000000e+00
0.000000000000000000e+00
0.000000000000000000e+00
0.000000000000000000e+00
0.000000000000000000e+00
0.000000000000000000e+00
0.000000000000000000e+00
0.000000000000000000e+00
0.000000000000000000e+00
0.000000000000000000e+00
0.000000000000000000e+00
0.000000000000000000e+00
0.000000000000000000e+00
0.000000000000000000e+00
0.000000000000000000e+00
0.000000000000000000e+00
0.000000000000000000e+00
0.000000000000000000e+00
0.000000000000000000e+00
0.000000000000000000e+00
0.000000000000000000e+00
0.000000000000000000e+00
0.000000000000000000e+00
0.000000000000000000e+00
0.000000000000000000e+00
0.000000000000000000e+00
0.000000000000000000e+00
0.000000000000000000e+00
0.000000000000000000e+00
0.000000000000000000e+00
0.000000000000000000e+00
0.000000000000000000e+00
0.000000000000000000e+00
0.000000000000000000e+00
0.000000000000000000e+00
0.000000000000000000e+00
0.000000000000000000e+00
0.000000000000000000e+00
0.000000000000000000e+00
0.000000000000000000e+00
0.000000000000000000e+00
0.000000000000000000e+00
0.000000000000000000e+00
0.000000000000000000e+00
0.000000000000000000e+00
0.000000000000000000e+00
0.000000000000000000e+00
0.000000000000000000e+00
0.000000000000000000e+00
0.000000000000000000e+00
0.000000000000000000e+00
0.000000000000000000e+00
0.000000000000000000e+00
0.000000000000000000e+00
0.000000000000000000e+00
0.000000000000000000e+00
0.000000000000000000e+00
0.000000000000000000e+00
0.000000000000000000e+00
0.000000000000000000e+00
0.000000000000000000e+00
0.000000000000000000e+00
0.000000000000000000e+00
0.000000000000000000e+00
0.000000000000000000e+00
0.000000000000000000e+00
0.000000000000000000e+00
0.000000000000000000e+00
0.000000000000000000e+00
0.000000000000000000e+00
0.000000000000000000e+00
0.000000000000000000e+00
0.000000000000000000e+00
0.000000000000000000e+00
0.000000000000000000e+00
0.000000000000000000e+00
0.000000000000000000e+00
0.000000000000000000e+00
0.000000000000000000e+00
0.000000000000000000e+00
0.000000000000000000e+00
0.000000000000000000e+00
0.000000000000000000e+00
0.000000000000000000e+00
0.000000000000000000e+00
0.000000000000000000e+00
0.000000000000000000e+00
0.000000000000000000e+00
0.000000000000000000e+00
0.000000000000000000e+00
0.000000000000000000e+00
0.000000000000000000e+00
0.000000000000000000e+00
0.000000000000000000e+00
0.000000000000000000e+00
0.000000000000000000e+00
0.000000000000000000e+00
0.000000000000000000e+00
0.000000000000000000e+00
0.000000000000000000e+00
0.000000000000000000e+00
0.000000000000000000e+00
0.000000000000000000e+00
0.000000000000000000e+00
0.000000000000000000e+00
0.000000000000000000e+00
0.000000000000000000e+00
0.000000000000000000e+00
0.000000000000000000e+00
0.000000000000000000e+00
0.000000000000000000e+00
0.000000000000000000e+00
0.000000000000000000e+00
0.000000000000000000e+00
0.000000000000000000e+00
0.000000000000000000e+00
0.000000000000000000e+00
0.000000000000000000e+00
0.000000000000000000e+00
0.000000000000000000e+00
0.000000000000000000e+00
0.000000000000000000e+00
0.000000000000000000e+00
0.000000000000000000e+00
0.000000000000000000e+00
0.000000000000000000e+00
0.000000000000000000e+00
0.000000000000000000e+00
0.000000000000000000e+00
0.000000000000000000e+00
0.000000000000000000e+00
0.000000000000000000e+00
0.000000000000000000e+00
0.000000000000000000e+00
0.000000000000000000e+00
0.000000000000000000e+00
0.000000000000000000e+00
0.000000000000000000e+00
0.000000000000000000e+00
0.000000000000000000e+00
0.000000000000000000e+00
0.000000000000000000e+00
0.000000000000000000e+00
0.000000000000000000e+00
0.000000000000000000e+00
0.000000000000000000e+00
0.000000000000000000e+00
0.000000000000000000e+00
0.000000000000000000e+00
0.000000000000000000e+00
0.000000000000000000e+00
0.000000000000000000e+00
0.000000000000000000e+00
0.000000000000000000e+00
0.000000000000000000e+00
0.000000000000000000e+00
0.000000000000000000e+00
0.000000000000000000e+00
0.000000000000000000e+00
0.000000000000000000e+00
0.000000000000000000e+00
0.000000000000000000e+00
0.000000000000000000e+00
0.000000000000000000e+00
0.000000000000000000e+00
0.000000000000000000e+00
0.000000000000000000e+00
0.000000000000000000e+00
0.000000000000000000e+00
0.000000000000000000e+00
0.000000000000000000e+00
0.000000000000000000e+00
0.000000000000000000e+00
0.000000000000000000e+00
0.000000000000000000e+00
0.000000000000000000e+00
0.000000000000000000e+00
0.000000000000000000e+00
0.000000000000000000e+00
0.000000000000000000e+00
0.000000000000000000e+00
0.000000000000000000e+00
0.000000000000000000e+00
0.000000000000000000e+00
0.000000000000000000e+00
0.000000000000000000e+00
0.000000000000000000e+00
0.000000000000000000e+00
0.000000000000000000e+00
0.000000000000000000e+00
0.000000000000000000e+00
0.000000000000000000e+00
0.000000000000000000e+00
0.000000000000000000e+00
0.000000000000000000e+00
0.000000000000000000e+00
0.000000000000000000e+00
0.000000000000000000e+00
0.000000000000000000e+00
0.000000000000000000e+00
0.000000000000000000e+00
0.000000000000000000e+00
0.000000000000000000e+00
0.000000000000000000e+00
0.000000000000000000e+00
0.000000000000000000e+00
0.000000000000000000e+00
0.000000000000000000e+00
0.000000000000000000e+00
0.000000000000000000e+00
0.000000000000000000e+00
0.000000000000000000e+00
0.000000000000000000e+00
0.000000000000000000e+00
0.000000000000000000e+00
0.000000000000000000e+00
0.000000000000000000e+00
0.000000000000000000e+00
0.000000000000000000e+00
0.000000000000000000e+00
0.000000000000000000e+00
0.000000000000000000e+00
0.000000000000000000e+00
0.000000000000000000e+00
0.000000000000000000e+00
0.000000000000000000e+00
0.000000000000000000e+00
0.000000000000000000e+00
0.000000000000000000e+00
0.000000000000000000e+00
0.000000000000000000e+00
0.000000000000000000e+00
0.000000000000000000e+00
0.000000000000000000e+00
0.000000000000000000e+00
0.000000000000000000e+00
0.000000000000000000e+00
0.000000000000000000e+00
0.000000000000000000e+00
0.000000000000000000e+00
0.000000000000000000e+00
0.000000000000000000e+00
0.000000000000000000e+00
0.000000000000000000e+00
0.000000000000000000e+00
0.000000000000000000e+00
0.000000000000000000e+00
0.000000000000000000e+00
0.000000000000000000e+00
0.000000000000000000e+00
0.000000000000000000e+00
0.000000000000000000e+00
0.000000000000000000e+00
0.000000000000000000e+00
0.000000000000000000e+00
0.000000000000000000e+00
0.000000000000000000e+00
0.000000000000000000e+00
0.000000000000000000e+00
0.000000000000000000e+00
0.000000000000000000e+00
0.000000000000000000e+00
0.000000000000000000e+00
0.000000000000000000e+00
0.000000000000000000e+00
0.000000000000000000e+00
0.000000000000000000e+00
0.000000000000000000e+00
0.000000000000000000e+00
0.000000000000000000e+00
0.000000000000000000e+00
0.000000000000000000e+00
0.000000000000000000e+00
0.000000000000000000e+00
0.000000000000000000e+00
0.000000000000000000e+00
0.000000000000000000e+00
0.000000000000000000e+00
0.000000000000000000e+00
0.000000000000000000e+00
0.000000000000000000e+00
0.000000000000000000e+00
0.000000000000000000e+00
0.000000000000000000e+00
0.000000000000000000e+00
0.000000000000000000e+00
0.000000000000000000e+00
0.000000000000000000e+00
0.000000000000000000e+00
0.000000000000000000e+00
0.000000000000000000e+00
0.000000000000000000e+00
0.000000000000000000e+00
0.000000000000000000e+00
0.000000000000000000e+00
0.000000000000000000e+00
0.000000000000000000e+00
0.000000000000000000e+00
0.000000000000000000e+00
0.000000000000000000e+00
0.000000000000000000e+00
0.000000000000000000e+00
0.000000000000000000e+00
0.000000000000000000e+00
0.000000000000000000e+00
0.000000000000000000e+00
0.000000000000000000e+00
0.000000000000000000e+00
0.000000000000000000e+00
0.000000000000000000e+00
0.000000000000000000e+00
0.000000000000000000e+00
0.000000000000000000e+00
0.000000000000000000e+00
0.000000000000000000e+00
0.000000000000000000e+00
0.000000000000000000e+00
0.000000000000000000e+00
0.000000000000000000e+00
0.000000000000000000e+00
0.000000000000000000e+00
0.000000000000000000e+00
0.000000000000000000e+00
0.000000000000000000e+00
0.000000000000000000e+00
0.000000000000000000e+00
0.000000000000000000e+00
0.000000000000000000e+00
0.000000000000000000e+00
0.000000000000000000e+00
0.000000000000000000e+00
0.000000000000000000e+00
0.000000000000000000e+00
0.000000000000000000e+00
0.000000000000000000e+00
0.000000000000000000e+00
0.000000000000000000e+00
0.000000000000000000e+00
0.000000000000000000e+00
0.000000000000000000e+00
0.000000000000000000e+00
0.000000000000000000e+00
0.000000000000000000e+00
0.000000000000000000e+00
0.000000000000000000e+00
0.000000000000000000e+00
0.000000000000000000e+00
0.000000000000000000e+00
0.000000000000000000e+00
0.000000000000000000e+00
0.000000000000000000e+00
0.000000000000000000e+00
0.000000000000000000e+00
0.000000000000000000e+00
0.000000000000000000e+00
0.000000000000000000e+00
0.000000000000000000e+00
0.000000000000000000e+00
0.000000000000000000e+00
0.000000000000000000e+00
0.000000000000000000e+00
0.000000000000000000e+00
0.000000000000000000e+00
0.000000000000000000e+00
0.000000000000000000e+00
0.000000000000000000e+00
0.000000000000000000e+00
0.000000000000000000e+00
0.000000000000000000e+00
0.000000000000000000e+00
0.000000000000000000e+00
0.000000000000000000e+00
0.000000000000000000e+00
0.000000000000000000e+00
0.000000000000000000e+00
0.000000000000000000e+00
0.000000000000000000e+00
0.000000000000000000e+00
0.000000000000000000e+00
0.000000000000000000e+00
0.000000000000000000e+00
0.000000000000000000e+00
0.000000000000000000e+00
0.000000000000000000e+00
0.000000000000000000e+00
0.000000000000000000e+00
0.000000000000000000e+00
0.000000000000000000e+00
0.000000000000000000e+00
0.000000000000000000e+00
0.000000000000000000e+00
0.000000000000000000e+00
0.000000000000000000e+00
0.000000000000000000e+00
0.000000000000000000e+00
0.000000000000000000e+00
0.000000000000000000e+00
0.000000000000000000e+00
0.000000000000000000e+00
0.000000000000000000e+00
0.000000000000000000e+00
0.000000000000000000e+00
0.000000000000000000e+00
0.000000000000000000e+00
0.000000000000000000e+00
0.000000000000000000e+00
0.000000000000000000e+00
0.000000000000000000e+00
0.000000000000000000e+00
0.000000000000000000e+00
0.000000000000000000e+00
0.000000000000000000e+00
0.000000000000000000e+00
0.000000000000000000e+00
0.000000000000000000e+00
0.000000000000000000e+00
0.000000000000000000e+00
0.000000000000000000e+00
0.000000000000000000e+00
0.000000000000000000e+00
0.000000000000000000e+00
0.000000000000000000e+00
0.000000000000000000e+00
0.000000000000000000e+00
0.000000000000000000e+00
0.000000000000000000e+00
0.000000000000000000e+00
0.000000000000000000e+00
0.000000000000000000e+00
0.000000000000000000e+00
0.000000000000000000e+00
0.000000000000000000e+00
0.000000000000000000e+00
0.000000000000000000e+00
0.000000000000000000e+00
0.000000000000000000e+00
0.000000000000000000e+00
0.000000000000000000e+00
0.000000000000000000e+00
0.000000000000000000e+00
0.000000000000000000e+00
0.000000000000000000e+00
0.000000000000000000e+00
0.000000000000000000e+00
0.000000000000000000e+00
0.000000000000000000e+00
0.000000000000000000e+00
0.000000000000000000e+00
0.000000000000000000e+00
0.000000000000000000e+00
0.000000000000000000e+00
0.000000000000000000e+00
0.000000000000000000e+00
0.000000000000000000e+00
0.000000000000000000e+00
0.000000000000000000e+00
0.000000000000000000e+00
0.000000000000000000e+00
0.000000000000000000e+00
0.000000000000000000e+00
0.000000000000000000e+00
0.000000000000000000e+00
0.000000000000000000e+00
0.000000000000000000e+00
0.000000000000000000e+00
0.000000000000000000e+00
0.000000000000000000e+00
0.000000000000000000e+00
0.000000000000000000e+00
0.000000000000000000e+00
0.000000000000000000e+00
0.000000000000000000e+00
0.000000000000000000e+00
0.000000000000000000e+00
0.000000000000000000e+00
0.000000000000000000e+00
0.000000000000000000e+00
0.000000000000000000e+00
0.000000000000000000e+00
0.000000000000000000e+00
0.000000000000000000e+00
0.000000000000000000e+00
0.000000000000000000e+00
0.000000000000000000e+00
0.000000000000000000e+00
0.000000000000000000e+00
0.000000000000000000e+00
0.000000000000000000e+00
0.000000000000000000e+00
0.000000000000000000e+00
0.000000000000000000e+00
0.000000000000000000e+00
0.000000000000000000e+00
0.000000000000000000e+00
0.000000000000000000e+00
0.000000000000000000e+00
0.000000000000000000e+00
0.000000000000000000e+00
0.000000000000000000e+00
0.000000000000000000e+00
0.000000000000000000e+00
0.000000000000000000e+00
0.000000000000000000e+00
0.000000000000000000e+00
0.000000000000000000e+00
0.000000000000000000e+00
0.000000000000000000e+00
0.000000000000000000e+00
0.000000000000000000e+00
0.000000000000000000e+00
0.000000000000000000e+00
0.000000000000000000e+00
0.000000000000000000e+00
0.000000000000000000e+00
0.000000000000000000e+00
0.000000000000000000e+00
0.000000000000000000e+00
0.000000000000000000e+00
0.000000000000000000e+00
0.000000000000000000e+00
0.000000000000000000e+00
0.000000000000000000e+00
0.000000000000000000e+00
0.000000000000000000e+00
0.000000000000000000e+00
0.000000000000000000e+00
0.000000000000000000e+00
0.000000000000000000e+00
0.000000000000000000e+00
0.000000000000000000e+00
0.000000000000000000e+00
0.000000000000000000e+00
0.000000000000000000e+00
0.000000000000000000e+00
0.000000000000000000e+00
0.000000000000000000e+00
0.000000000000000000e+00
0.000000000000000000e+00
0.000000000000000000e+00
0.000000000000000000e+00
0.000000000000000000e+00
0.000000000000000000e+00
0.000000000000000000e+00
0.000000000000000000e+00
0.000000000000000000e+00
0.000000000000000000e+00
0.000000000000000000e+00
0.000000000000000000e+00
0.000000000000000000e+00
0.000000000000000000e+00
0.000000000000000000e+00
0.000000000000000000e+00
0.000000000000000000e+00
0.000000000000000000e+00
0.000000000000000000e+00
0.000000000000000000e+00
0.000000000000000000e+00
0.000000000000000000e+00
0.000000000000000000e+00
0.000000000000000000e+00
0.000000000000000000e+00
0.000000000000000000e+00
0.000000000000000000e+00
0.000000000000000000e+00
0.000000000000000000e+00
0.000000000000000000e+00
0.000000000000000000e+00
0.000000000000000000e+00
0.000000000000000000e+00
0.000000000000000000e+00
0.000000000000000000e+00
0.000000000000000000e+00
0.000000000000000000e+00
0.000000000000000000e+00
0.000000000000000000e+00
0.000000000000000000e+00
0.000000000000000000e+00
0.000000000000000000e+00
0.000000000000000000e+00
0.000000000000000000e+00
0.000000000000000000e+00
0.000000000000000000e+00
0.000000000000000000e+00
0.000000000000000000e+00
0.000000000000000000e+00
0.000000000000000000e+00
0.000000000000000000e+00
0.000000000000000000e+00
0.000000000000000000e+00
0.000000000000000000e+00
0.000000000000000000e+00
0.000000000000000000e+00
0.000000000000000000e+00
0.000000000000000000e+00
0.000000000000000000e+00
0.000000000000000000e+00
0.000000000000000000e+00
0.000000000000000000e+00
0.000000000000000000e+00
0.000000000000000000e+00
0.000000000000000000e+00
0.000000000000000000e+00
0.000000000000000000e+00
0.000000000000000000e+00
0.000000000000000000e+00
0.000000000000000000e+00
0.000000000000000000e+00
0.000000000000000000e+00
0.000000000000000000e+00
0.000000000000000000e+00
0.000000000000000000e+00
0.000000000000000000e+00
0.000000000000000000e+00
0.000000000000000000e+00
0.000000000000000000e+00
0.000000000000000000e+00
0.000000000000000000e+00
0.000000000000000000e+00
0.000000000000000000e+00
0.000000000000000000e+00
0.000000000000000000e+00
0.000000000000000000e+00
0.000000000000000000e+00
0.000000000000000000e+00
0.000000000000000000e+00
0.000000000000000000e+00
0.000000000000000000e+00
0.000000000000000000e+00
0.000000000000000000e+00
0.000000000000000000e+00
0.000000000000000000e+00
0.000000000000000000e+00
0.000000000000000000e+00
0.000000000000000000e+00
0.000000000000000000e+00
0.000000000000000000e+00
0.000000000000000000e+00
0.000000000000000000e+00
0.000000000000000000e+00
0.000000000000000000e+00
0.000000000000000000e+00
0.000000000000000000e+00
0.000000000000000000e+00
0.000000000000000000e+00
0.000000000000000000e+00
0.000000000000000000e+00
0.000000000000000000e+00
0.000000000000000000e+00
0.000000000000000000e+00
0.000000000000000000e+00
0.000000000000000000e+00
0.000000000000000000e+00
0.000000000000000000e+00
0.000000000000000000e+00
0.000000000000000000e+00
0.000000000000000000e+00
0.000000000000000000e+00
0.000000000000000000e+00
0.000000000000000000e+00
0.000000000000000000e+00
0.000000000000000000e+00
0.000000000000000000e+00
0.000000000000000000e+00
0.000000000000000000e+00
0.000000000000000000e+00
0.000000000000000000e+00
0.000000000000000000e+00
0.000000000000000000e+00
0.000000000000000000e+00
0.000000000000000000e+00
0.000000000000000000e+00
0.000000000000000000e+00
0.000000000000000000e+00
0.000000000000000000e+00
0.000000000000000000e+00
0.000000000000000000e+00
0.000000000000000000e+00
0.000000000000000000e+00
0.000000000000000000e+00
0.000000000000000000e+00
0.000000000000000000e+00
0.000000000000000000e+00
0.000000000000000000e+00
0.000000000000000000e+00
0.000000000000000000e+00
0.000000000000000000e+00
0.000000000000000000e+00
0.000000000000000000e+00
0.000000000000000000e+00
0.000000000000000000e+00
0.000000000000000000e+00
0.000000000000000000e+00
0.000000000000000000e+00
0.000000000000000000e+00
0.000000000000000000e+00
0.000000000000000000e+00
0.000000000000000000e+00
0.000000000000000000e+00
0.000000000000000000e+00
0.000000000000000000e+00
0.000000000000000000e+00
0.000000000000000000e+00
0.000000000000000000e+00
0.000000000000000000e+00
0.000000000000000000e+00
0.000000000000000000e+00
0.000000000000000000e+00
0.000000000000000000e+00
0.000000000000000000e+00
0.000000000000000000e+00
0.000000000000000000e+00
0.000000000000000000e+00
0.000000000000000000e+00
0.000000000000000000e+00
0.000000000000000000e+00
0.000000000000000000e+00
0.000000000000000000e+00
0.000000000000000000e+00
0.000000000000000000e+00
0.000000000000000000e+00
0.000000000000000000e+00
0.000000000000000000e+00
0.000000000000000000e+00
0.000000000000000000e+00
0.000000000000000000e+00
0.000000000000000000e+00
0.000000000000000000e+00
0.000000000000000000e+00
0.000000000000000000e+00
0.000000000000000000e+00
0.000000000000000000e+00
0.000000000000000000e+00
0.000000000000000000e+00
0.000000000000000000e+00
0.000000000000000000e+00
0.000000000000000000e+00
0.000000000000000000e+00
0.000000000000000000e+00
0.000000000000000000e+00
0.000000000000000000e+00
0.000000000000000000e+00
0.000000000000000000e+00
0.000000000000000000e+00
0.000000000000000000e+00
0.000000000000000000e+00
0.000000000000000000e+00
0.000000000000000000e+00
0.000000000000000000e+00
0.000000000000000000e+00
0.000000000000000000e+00
0.000000000000000000e+00
0.000000000000000000e+00
0.000000000000000000e+00
0.000000000000000000e+00
0.000000000000000000e+00
0.000000000000000000e+00
0.000000000000000000e+00
0.000000000000000000e+00
0.000000000000000000e+00
0.000000000000000000e+00
0.000000000000000000e+00
0.000000000000000000e+00
0.000000000000000000e+00
0.000000000000000000e+00
0.000000000000000000e+00
0.000000000000000000e+00
0.000000000000000000e+00
0.000000000000000000e+00
0.000000000000000000e+00
0.000000000000000000e+00
0.000000000000000000e+00
0.000000000000000000e+00
0.000000000000000000e+00
0.000000000000000000e+00
0.000000000000000000e+00
0.000000000000000000e+00
0.000000000000000000e+00
0.000000000000000000e+00
0.000000000000000000e+00
0.000000000000000000e+00
0.000000000000000000e+00
0.000000000000000000e+00
0.000000000000000000e+00
0.000000000000000000e+00
0.000000000000000000e+00
0.000000000000000000e+00
0.000000000000000000e+00
0.000000000000000000e+00
0.000000000000000000e+00
0.000000000000000000e+00
0.000000000000000000e+00
0.000000000000000000e+00
0.000000000000000000e+00
0.000000000000000000e+00
0.000000000000000000e+00
0.000000000000000000e+00
0.000000000000000000e+00
0.000000000000000000e+00
0.000000000000000000e+00
0.000000000000000000e+00
0.000000000000000000e+00
0.000000000000000000e+00
0.000000000000000000e+00
0.000000000000000000e+00
0.000000000000000000e+00
0.000000000000000000e+00
0.000000000000000000e+00
0.000000000000000000e+00
0.000000000000000000e+00
0.000000000000000000e+00
0.000000000000000000e+00
0.000000000000000000e+00
0.000000000000000000e+00
0.000000000000000000e+00
0.000000000000000000e+00
0.000000000000000000e+00
0.000000000000000000e+00
0.000000000000000000e+00
0.000000000000000000e+00
0.000000000000000000e+00
0.000000000000000000e+00
0.000000000000000000e+00
0.000000000000000000e+00
0.000000000000000000e+00
0.000000000000000000e+00
0.000000000000000000e+00
0.000000000000000000e+00
0.000000000000000000e+00
0.000000000000000000e+00
0.000000000000000000e+00
0.000000000000000000e+00
0.000000000000000000e+00
0.000000000000000000e+00
0.000000000000000000e+00
0.000000000000000000e+00
0.000000000000000000e+00
0.000000000000000000e+00
0.000000000000000000e+00
0.000000000000000000e+00
0.000000000000000000e+00
0.000000000000000000e+00
0.000000000000000000e+00
0.000000000000000000e+00
0.000000000000000000e+00
0.000000000000000000e+00
0.000000000000000000e+00
0.000000000000000000e+00
0.000000000000000000e+00
0.000000000000000000e+00
0.000000000000000000e+00
0.000000000000000000e+00
0.000000000000000000e+00
0.000000000000000000e+00
0.000000000000000000e+00
0.000000000000000000e+00
0.000000000000000000e+00
0.000000000000000000e+00
0.000000000000000000e+00
0.000000000000000000e+00
0.000000000000000000e+00
0.000000000000000000e+00
0.000000000000000000e+00
0.000000000000000000e+00
0.000000000000000000e+00
0.000000000000000000e+00
0.000000000000000000e+00
0.000000000000000000e+00
0.000000000000000000e+00
0.000000000000000000e+00
0.000000000000000000e+00
0.000000000000000000e+00
0.000000000000000000e+00
0.000000000000000000e+00
0.000000000000000000e+00
0.000000000000000000e+00
0.000000000000000000e+00
0.000000000000000000e+00
0.000000000000000000e+00
0.000000000000000000e+00
0.000000000000000000e+00
0.000000000000000000e+00
0.000000000000000000e+00
0.000000000000000000e+00
0.000000000000000000e+00
0.000000000000000000e+00
0.000000000000000000e+00
0.000000000000000000e+00
0.000000000000000000e+00
0.000000000000000000e+00
0.000000000000000000e+00
0.000000000000000000e+00
0.000000000000000000e+00
0.000000000000000000e+00
0.000000000000000000e+00
0.000000000000000000e+00
0.000000000000000000e+00
0.000000000000000000e+00
0.000000000000000000e+00
0.000000000000000000e+00
0.000000000000000000e+00
0.000000000000000000e+00
0.000000000000000000e+00
0.000000000000000000e+00
0.000000000000000000e+00
0.000000000000000000e+00
0.000000000000000000e+00
0.000000000000000000e+00
0.000000000000000000e+00
0.000000000000000000e+00
0.000000000000000000e+00
0.000000000000000000e+00
0.000000000000000000e+00
0.000000000000000000e+00
0.000000000000000000e+00
0.000000000000000000e+00
0.000000000000000000e+00
0.000000000000000000e+00
0.000000000000000000e+00
0.000000000000000000e+00
0.000000000000000000e+00
0.000000000000000000e+00
0.000000000000000000e+00
0.000000000000000000e+00
0.000000000000000000e+00
0.000000000000000000e+00
0.000000000000000000e+00
0.000000000000000000e+00
0.000000000000000000e+00
0.000000000000000000e+00
0.000000000000000000e+00
0.000000000000000000e+00
0.000000000000000000e+00
0.000000000000000000e+00
0.000000000000000000e+00
0.000000000000000000e+00
0.000000000000000000e+00
0.000000000000000000e+00
0.000000000000000000e+00
0.000000000000000000e+00
0.000000000000000000e+00
0.000000000000000000e+00
0.000000000000000000e+00
0.000000000000000000e+00
0.000000000000000000e+00
0.000000000000000000e+00
0.000000000000000000e+00
0.000000000000000000e+00
0.000000000000000000e+00
0.000000000000000000e+00
0.000000000000000000e+00
0.000000000000000000e+00
0.000000000000000000e+00
0.000000000000000000e+00
0.000000000000000000e+00
0.000000000000000000e+00
0.000000000000000000e+00
0.000000000000000000e+00
0.000000000000000000e+00
0.000000000000000000e+00
0.000000000000000000e+00
0.000000000000000000e+00
0.000000000000000000e+00
0.000000000000000000e+00
0.000000000000000000e+00
0.000000000000000000e+00
0.000000000000000000e+00
0.000000000000000000e+00
0.000000000000000000e+00
0.000000000000000000e+00
0.000000000000000000e+00
0.000000000000000000e+00
0.000000000000000000e+00
0.000000000000000000e+00
0.000000000000000000e+00
0.000000000000000000e+00
0.000000000000000000e+00
0.000000000000000000e+00
0.000000000000000000e+00
0.000000000000000000e+00
0.000000000000000000e+00
0.000000000000000000e+00
0.000000000000000000e+00
0.000000000000000000e+00
0.000000000000000000e+00
0.000000000000000000e+00
0.000000000000000000e+00
0.000000000000000000e+00
0.000000000000000000e+00
0.000000000000000000e+00
0.000000000000000000e+00
0.000000000000000000e+00
0.000000000000000000e+00
0.000000000000000000e+00
0.000000000000000000e+00
0.000000000000000000e+00
0.000000000000000000e+00
0.000000000000000000e+00
0.000000000000000000e+00
0.000000000000000000e+00
0.000000000000000000e+00
0.000000000000000000e+00
0.000000000000000000e+00
0.000000000000000000e+00
0.000000000000000000e+00
0.000000000000000000e+00
0.000000000000000000e+00
0.000000000000000000e+00
0.000000000000000000e+00
0.000000000000000000e+00
0.000000000000000000e+00
0.000000000000000000e+00
0.000000000000000000e+00
0.000000000000000000e+00
0.000000000000000000e+00
0.000000000000000000e+00
0.000000000000000000e+00
0.000000000000000000e+00
0.000000000000000000e+00
0.000000000000000000e+00
0.000000000000000000e+00
0.000000000000000000e+00
0.000000000000000000e+00
0.000000000000000000e+00
0.000000000000000000e+00
0.000000000000000000e+00
0.000000000000000000e+00
0.000000000000000000e+00
0.000000000000000000e+00
0.000000000000000000e+00
0.000000000000000000e+00
